0.0	0.49999999999999706	0.9999999999999941	0.007102272727266607	0.5071022727272637	1.0071022727272607	0.014204545454531392	0.5142045454545284	1.0142045454545254	0.0	0.0	0.0	0.5000000000000029	0.5000000000000029	0.500000000000003	1.0000000000000058	1.0000000000000058	1.000000000000006
0.0	0.5000756709315642	1.000151337816606	0.014204543668038715	0.5142802140439913	1.0143558815880058	0.028409084525935796	0.5284847543232835	1.028560422503277	0.0	0.0	0.0	0.49992434611000763	0.4999243497524573	0.49992435339497754	0.9998486938399036	0.9998486995049838	0.9998487051701519
0.0	0.500201862701887	1.0004037076967423	0.021308959797134444	0.5215108202261838	1.021712668384422	0.04261790751902158	0.5428197654809541	1.043021616608265	0.0	0.0	0.0	0.499798219075277	0.4997982347737663	0.499798250456155	0.999596444994197	0.9995964695482633	0.9995964940692743
0.0	0.5003787305911048	1.0007574145418683	0.028417671023490333	0.5287963960832864	1.029175089044643	0.056835310722215336	0.557214029502412	1.0575927307258122	0.0	0.0	0.0	0.49962152807511345	0.4996215689689455	0.49962160979145337	0.9992430737207106	0.9992431379412546	0.9992432020147812
0.0	0.5006065093563759	1.0012129221739716	0.03553283565530689	0.536139334560381	1.036745767353275	0.07106560732791588	0.5716720937547164	1.0722785444947456	0.0	0.0	0.0	0.49939413390170806	0.49939421784338195	0.4993943015979115	0.9987883034899467	0.9987884356973953	0.9987885675161516
0.0	0.5008855116414661	1.001770850152412	0.04265662611143223	0.5435421208633707	1.0444274974824026	0.08531313884752587	0.5861986122297863	1.087084022472785	0.0	0.0	0.0	0.4991158510871004	0.49911600063456457	0.49911614979991176	0.9982317652495756	0.9982320012960832	0.998232236541182
0.0	0.501216129297593	1.0024319764043448	0.04979123448155127	0.5510073393406859	1.0522232521867412	0.09958228622460932	0.6007983579789758	1.1020143278872754	0.0	0.0	0.0	0.49878644732122907	0.49878668973104	0.4987869314699077	0.9975729962625227	0.9975733795211048	0.9975737613559127
0.0	0.501598835073524	1.0031972405921898	0.05693887823973393	0.5585376808877326	1.0601361918908598	0.11387748125495273	0.6154762362237877	1.1170748374325488	0.0	0.0	0.0	0.4984056427034337	0.49840600992416567	0.4984063760811796	0.9968114386107341	0.9968120199647004	0.9968125990299154
0.0	0.5020341846929072	1.0040677482550908	0.06410180611133039	0.5661359508925805	1.0681696747054354	0.12820321831353673	0.6302372981617688	1.132271157150911	0.0	0.0	0.0	0.49797310881790857	0.49797363748363527	0.49797416458417554	0.9959464373466895	0.995947275179223	0.9959481095889944
0.0	0.5025228193366869	1.0050447757601346	0.07128230413214315	0.5738050777797601	1.0763272674472937	0.14256406646623757	0.6450867555634207	1.1476091395109256	0.0	0.0	0.0	0.4974884676269598	0.4974891990506907	0.49748992830043137	0.9949772382805188	0.9949783984642192	0.9949795538031385
0.0	0.5030654685532326	1.0061297761085275	0.07848270194163909	0.5815481222165837	1.0846127577502542	0.15696468204978226	0.6600299962663145	1.1630949018118044	0.0	0.0	0.0	0.4969512901738032	0.49695227034076067	0.4969532476258156	0.9939029853862134	0.9939045412724125	0.9939060905931971
0.0	0.5036629536231692	1.0073243856506102	0.08570537935347891	0.5893682870522781	1.0930301673640235	0.1714098218064625	0.6750726006799327	1.1787348460544191	0.0	0.0	0.0	0.4963610950850722	0.49636237464568866	0.4963636505332588	0.9927227178072792	0.9927247502149206	0.9927267740366024
0.0	0.5043161914106153	1.008630431773033	0.09295277325123126	0.5972689280695316	1.101583766752412	0.1859043566692087	0.6902203594285847	1.1945356804379998	0.0	0.0	0.0	0.495717346861553	0.4957189811240605	0.495720610863471	0.9914353664388599	0.9914379636427268	0.9914405499491451
0.0	0.5050261987381102	1.010049941632531	0.10022738485998242	0.6052535656364758	1.1102780911161472	0.2004532862986035	0.7054792922713012	1.2105044426587213	0.0	0.0	0.0	0.4950194539435214	0.4950215028659956	0.4950235463900045	0.9900397500590822	0.990043007777139	0.9900462520155271
0.0	0.5057940973280856	1.0115851520219103	0.10753178745024547	0.6133258973584107	1.1191179579824213	0.21506175448446518	0.7208556684542582	1.2266485252086219	0.0	0.0	0.0	0.4942667665353057	0.4942692947170178	0.49427181664326864	0.9885345709788688	0.9885385923584672	0.9885425974379065
0.0	0.5066211193606421	1.0132385204676198	0.1148686345349005	0.621489811839807	1.1281084865214435	0.2297350655334644	0.7363560286670217	1.2429757028959432	0.0	0.0	0.0	0.4934585741711583	0.49346165084307547	0.4934647204755581	0.9869184101743835	0.9869233057770671	0.9869281820665665
0.0	0.5075086137047756	1.0150127376730653	0.12224066862754566	0.629749403682175	1.137255118772705	0.24447870177942155	0.7519872087964972	1.259494162837971	0.0	0.0	0.0	0.4925941030020585	0.4925978020163223	0.49260149334669473	0.9851897218613535	0.9851956096459726	0.985201474971912
0.0	0.5084580528887663	1.016910741438931	0.12965073063696267	0.6381089898582822	1.1465636429871373	0.25929834236576077	0.7677563656938737	1.2762125372074498	0.0	0.0	0.0	0.49167251278015517	0.4916769125983514	0.4916813043069623	0.98334682746468	0.983353832768508	0.9833608124111649
0.0	0.5094710408849351	1.0189357322107349	0.13710176998149476	0.6465731276218047	1.1560402193194252	0.2741998834679341	0.7836710051977012	1.2931399390509855	0.0	0.0	0.0	0.4906928935145393	0.4906980771945578	0.4907032526509967	0.9813879089307215	0.9813961644482324	0.9814043911370862
0.0	0.5105493217954821	1.021091190426858	0.1445968555177812	0.6551466341336625	1.165691408138429	0.2891894601439152	0.7997390126880549	1.310286001541207	0.0	0.0	0.0	0.489654261768009	0.4896603169492714	0.4896663642122545	0.9793110013215632	0.9793206470805086	0.9793302609879857
0.0	0.5116947895383407	1.0233808958646848	0.1521391873889664	0.6638346080092002	1.1755242012587879	0.3042734700236286	0.8159686864817521	1.3276609210716859	0.0	0.0	0.0	0.4885555565609041	0.4885625754477174	0.48856958726409966	0.9771139846234325	0.9771251679578108	0.9771363166911062
0.0	0.5129094986471453	1.0258089492128017	0.1597321099116428	0.6726424530196928	1.1855460564412665	0.3194585990757612	0.8323687744213496	1.3452755046615759	0.0	0.0	0.0	0.4873956348429831	0.48740371418575107	0.4874117879884302	0.9747945746911938	0.9748074502106744	0.9748202888012423
0.0	0.5141956763162451	1.0283797961308372	0.1673791256368888	0.6815759042146131	1.1957649355592017	0.33475184972213035	0.8489485140592478	1.3631412222023782	0.0	0.0	0.0	0.48617326648918785	0.4861825075631825	0.48619174546763577	0.9723503132406114	0.9723650427959216	0.9723797336861858
0.0	0.5155557358414167	1.0310982540979214	0.17508391073877647	0.690641056768853	1.2061893468858707	0.3501605716068728	0.8657176768950673	1.3812702641558243	0.0	0.0	0.0	0.4848871287691173	0.48489763735048014	0.48490814614964156	0.969778556788015	0.9697953094317502	0.9698120224585318
0.0	0.5169922916303155	1.0339695423974813	0.18285033190559472	0.6998443979043735	1.2168283920262837	0.3656924953704155	0.8826866171905873	1.3996756054014048	0.0	0.0	0.0	0.4835358002327403	0.4835476865713431	0.4835595777284935	0.9670764644224189	0.9670954163646682	0.9671143287387682
0.0	0.5185081759832416	1.0369993156390998	0.1906824649342958	0.7091928422875825	1.2276918180952583	0.38135576982967734	0.8998663259645987	1.4183710760367094	0.0	0.0	0.0	0.4821177539472596	0.48213113273600794	0.482144522375305	0.9642409842799085	0.9642623188380184	0.9642836151193183
0.0	0.5201064578771286	1.0401937012827753	0.19858461525852403	0.7186937713659596	1.2387900758381816	0.39715900302456697	0.9172684908610298	1.4373714400571074	0.0	0.0	0.0	0.48063135001011836	0.4806463403502275	0.48066134924445336	0.9612688385702619	0.9612927461119711	0.9613166181793336
0.0	0.5217904640222985	1.0435593417041156	0.2065613406752361	0.7283550771787676	1.2501343844988253	0.4131113076612077	0.9349055626907572	1.456692482985036	0.0	0.0	0.0	0.47907482725300166	0.4790915526147111	0.47910830616975264	0.9581565069854965	0.958183184864576	0.9582098318797249
0.0	0.5235638025063033	1.0471034414284643	0.21461747657637179	0.7381852112629639	1.2617368043696213	0.429222351564485	0.9527908295745271	1.4763511096909996	0.0	0.0	0.0	0.4774462940385174	0.47746488221663463	0.4774835104521402	0.9549002082936882	0.9549298607770991	0.9549594891415416
0.0	0.5254303893910263	1.0508338202655687	0.22275816404098742	0.7481932393762804	1.2736103181125134	0.44550241385067385	0.9709384997645034	1.4963654538503806	0.0	0.0	0.0	0.47574371803705023	0.47576430110062656	0.4757849386261967	0.9514958798930245	0.9515287180784672	0.9515615413823796
0.0	0.5273944786919259	1.0547589732016949	0.23098888120095903	0.7583889028799091	1.2857689221216702	0.46196244764610783	0.9893637943999725	1.5167550007209545	0.0	0.0	0.0	0.4739649148537681	0.47398762908910347	0.47401041507527125	0.9479391550660209	0.9479753967885789	0.9480116357504111
0.0	0.5294606962423066	1.0588881380539585	0.23931547836233363	0.768782687766274	1.2982277294163866	0.4786141503163347	1.008083051665322	1.5375407252126652	0.0	0.0	0.0	0.47210753535605054	0.47213252120210014	0.47215759934523405	0.9442253376343986	0.9442652073607855	0.9443050897561411
