1.0	1.000000197040245	1.0000000000000009	0.9999999999999956	1.0000000000000089	1.0	1.9704020529607704e-5	0.0
2.0	1.000000788162145	1.000000591193305	1.0000005910242962	1.0000005913621188	1.0000000001453184	1.9696868488383738e-5	3.9408021557107756e-5
3.0	1.0000017733691942	1.0000015765203545	1.0000015758086525	1.000001577230171	1.000000000392185	1.968484905880314e-5	3.939616233413021e-5
4.0	1.0000031526672164	1.0000029559860635	1.0000029541781987	1.000002957786648	1.0000000007401615	1.9668053285144074e-5	3.935840043986485e-5
5.0	1.000004926064365	1.0000047295977528	1.0000047259817648	1.0000047331942603	1.000000001188821	1.964656445097968e-5	3.9282657026617175e-5
6.0	1.0000070935711238	1.0000068973651495	1.000006891088974	1.0000069035990153	1.0000000017377553	1.962045825653835e-5	3.9158569990076134e-5
7.0	1.0000096552003057	1.0000094593003503	1.0000094493876788	1.0000094691327852	1.0000000023865683	1.9589806393357015e-5	3.8977226969313024e-5
8.0	1.0000126109670544	1.0000124154178638	1.0000124007819478	1.0000124299155397	1.0000000031348741	1.955467245847371e-5	3.873095078718159e-5
9.0	1.0000159608888441	1.000015765734564	1.000015745190207	1.0000157860571652	1.0000000039822954	1.951511652832749e-5	3.8413105535843194e-5
10.0	1.0000197049854798	1.0000195102697036	1.0000194825437294	1.0000195376590517	1.0000000049284692	1.947119393735359e-5	3.8017951774389105e-5
11.0	1.0000238432790973	1.0000236490449075	1.0000236127852982	1.0000236848154769	1.0000000059730336	1.9422955877352224e-5	3.7540516000750615e-5
12.0	1.0000283757941646	1.0000281820841683	1.0000281358681153	1.000028227614747	1.0000000071156345	1.9370449974665387e-5	3.697647921693974e-5
13.0	1.0000333025574812	1.0000331094138442	1.0000330517547897	1.0000331661402162	1.000000008355926	1.9313720512101706e-5	3.63220874967969e-5
14.0	1.0000386235981793	1.0000384310626547	1.0000383604164922	1.0000385004711483	1.0000000096935626	1.925280885070785e-5	3.5574073454546314e-5
15.0	1.0000443389477238	1.0000441470616703	1.0000440618322095	1.0000442306834667	1.000000011128209	1.918775458426004e-5	3.472959034637524e-5
16.0	1.0000504486399138	1.0000502574443184	1.0000501559881372	1.0000503568504302	1.000000012659529	1.911859502848016e-5	3.378615680686738e-5
17.0	1.0000569527108818	1.000056762246413	1.0000566428771065	1.0000568790432214	1.0000000142871943	1.904536220132119e-5	3.274160553717429e-5
18.0	1.0000638511990954	1.0000636615060816	1.0000635224980672	1.0000637973313944	1.0000000160108726	1.896809023882137e-5	3.1594037854678515e-5
19.0	1.0000711441453578	1.0000709552638374	1.0000707948556922	1.000071111783386	1.000000017830242	1.8886808356589817e-5	3.034179882491181e-5
20.0	1.000078831592808	1.0000786435625197	1.000078459959961	1.0000788224668327	1.000000019744976	1.880154666697367e-5	2.8983433409507146e-5
21.0	1.0000869135869226	1.000086726447342	1.00008651782588	1.0000869294489718	1.00000002175476	1.8712331693997985e-5	2.7517671633687987e-5
22.0	1.0000953901755154	1.000095203965853	1.0000949684731308	1.0000954327969016	1.00000002385927	1.8619190147800113e-5	2.5943394858938226e-5
23.0	1.000104261408739	1.0001040761679751	1.0001038119258665	1.000104332577884	1.0000000260581912	1.8522145238963468e-5	2.425962270448277e-5
24.0	1.0001135273390855	1.0001133431059492	1.000113048212422	1.0001136288595285	1.000000028351206	1.8421222317870085e-5	2.2465489156124195e-5
25.0	1.0001231880213877	1.00012300483439	1.0001226773651672	1.0001233217100483	1.000000030738001	1.8316443390682604e-5	2.056023668137332e-5
26.0	1.0001332435128192	1.000133061410283	1.0001326994203197	1.0001334111984477	1.0000000332182657	1.8207827541244186e-5	1.8543193293317653e-5
27.0	1.0001436938728967	1.000143512892923	1.0001431144177342	1.0001438973946253	1.0000000357916843	1.8095397169704665e-5	1.6413761404237552e-5
28.0	1.0001545391634798	1.0001543593439757	1.0001539224008114	1.0001547803695772	1.0000000384579462	1.797917193138788e-5	1.4171418246284301e-5
29.0	1.0001657794487733	1.0001656008274642	1.0001651234163709	1.0001660601955094	1.0000000412167434	1.7859170224313384e-5	1.1815697443015168e-5
30.0	1.000177414795327	1.0001772374097788	1.000176717514539	1.0001777369459723	1.000000044067766	1.773540830117484e-5	9.346182370350505e-6
31.0	1.0001894452720386	1.0001892691596306	1.0001887047486155	1.0001898106959142	1.0000000470107053	1.7607905064655317e-5	6.7624982966356955e-6
32.0	1.000201870950153	1.0002016961481133	1.000201085175016	1.0002022815218234	1.0000000500452513	1.747667594000831e-5	4.064314579697882e-6
33.0	1.0002146919032648	1.000214518448673	1.0002138588532135	1.0002151495017961	1.0000000531710986	1.7341736049766346e-5	1.2513297473075392e-6
34.0	1.0002279082073193	1.0002277361370953	1.0002270258456043	1.0002284147155844	1.000000056387941	1.7203101678864768e-5	1.6767290582635964e-6
35.0	1.0002415199406143	1.0002413492915503	1.000240586217534	1.000242077244709	1.0000000596954703	1.7060785879085636e-5	4.720106680207954e-6
36.0	1.0002555271838005	1.0002553579925564	1.000254540037166	1.0002561371724765	1.000000063093382	1.6914802220819438e-5	7.879030936443764e-6
37.0	1.0002699300198834	1.0002697623229855	1.0002688873754688	1.000270594584055	1.0000000665813682	1.676516437120986e-5	1.1153709090105052e-5
38.0	1.0002847285342256	1.0002845623680936	1.0002836283061873	1.0002854495665248	1.0000000701591263	1.6611883319330177e-5	1.4544333133226335e-5
39.0	1.0002999228145468	1.0002997582154722	1.0002987629057567	1.0003007022088954	1.000000073826352	1.6454972237656277e-5	1.8051083760385208e-5
40.0	1.0003155129509267	1.0003153499551067	1.0003142912533234	1.000316352602179	1.0000000775827376	1.629444088809888e-5	2.167412710558445e-5
41.0	1.0003314990358056	1.000331337679328	1.0003302134306633	1.0003324008394021	1.0000000814279801	1.6130300594379913e-5	2.5413623443931973e-5
42.0	1.000347881163987	1.0003477214828422	1.0003465295221856	1.0003488470156348	1.000000085361776	1.596256140068863e-5	2.9269723639767243e-5
43.0	1.0003646594326385	1.000364501462726	1.0003632396149074	1.0003656912280399	1.0000000893838223	1.579123282642589e-5	3.324257038966251e-5
44.0	1.0003818339412938	1.000381677718439	1.0003803437984369	1.000382933575892	1.0000000934938122	1.5616322623239712e-5	3.733230383803498e-5
45.0	1.0003994047918543	1.0003992503517964	1.0003978421649413	1.0004005741605815	1.0000000976914467	1.5437839838140538e-5	4.153906013390046e-5
46.0	1.0004173720885918	1.0004172194669867	1.0004157348091065	1.0004186130856496	1.0000001019764184	1.5255793170915324e-5	4.5862969699247314e-5
47.0	1.0004357359381493	1.0004355851705993	1.0004340218281997	1.0004370504568338	1.0000001063484252	1.5070188377339026e-5	5.030415980348553e-5
48.0	1.000454496449543	1.0004543475715801	1.0004527033219675	1.0004558863820356	1.0000001108071657	1.4881032908046058e-5	5.4862760489051816e-5
49.0	1.0004736537341645	1.0004735067812707	1.0004717793926952	1.0004751209713818	1.0000001153523352	1.4688332201961915e-5	5.9538895692719475e-5
50.0	1.0004932079057836	1.0004930629133875	1.0004912501451522	1.0004947543372122	1.0000001199836326	1.4492091994601867e-5	6.43326918567345e-5
51.0	1.0005131590805487	1.0005130160840208	1.0005111156865663	1.000514786594089	1.0000001247007526	1.4292318562149915e-5	6.924427355577036e-5
52.0	1.0005335073769903	1.0005333664116791	1.0005313761267196	1.0005352178588576	1.000000129503394	1.4089014526982175e-5	7.42737629415954e-5
53.0	1.000554252916022	1.0005541140172205	1.000552031577797	1.000556048250583	1.0000001343912546	1.3882185915134308e-5	7.942128908571753e-5
54.0	1.0005753958209438	1.0005752590239343	1.0005730821545054	1.000577277890643	1.0000001393640328	1.3671834233504281e-5	8.468697359746687e-5
55.0	1.0005969362174432	1.0005968015574631	1.00059452797398	1.0005989069026526	1.0000001444214226	1.3457964459158633e-5	9.007094744536375e-5
56.0	1.0006188742335982	1.0006187417458863	1.0006163691558656	1.0006209354125661	1.0000001495631266	1.3240576939337505e-5	9.557333377942312e-5
57.0	1.0006412099998792	1.0006410797196543	1.0006386058222239	1.0006433635486052	1.0000001547888353	1.3019674137789149e-5	0.00010119426590576131
58.0	1.0006639436491516	1.000663815611609	1.0006612380975666	1.0006661914412986	1.0000001600982533	1.2795258925926217e-5	0.0001069338730830116
59.0	1.000687075316678	1.000686949557032	1.0006842661089068	1.0006894192235232	1.0000001654910742	1.2567329900851811e-5	0.00011279228451617902
60.0	1.000710605140121	1.0007104816935588	1.000707689985645	1.000713047030433	1.0000001709669986	1.233589026133522e-5	0.00011876963783218202
61.0	1.0007345332595448	1.0007344121612827	1.0007315098596827	1.000737074999564	1.0000001765257207	1.2100937667284598e-5	0.0001248660634129065
62.0	1.0007588598174186	1.0007587411026797	1.0007557258653468	1.0007615032707664	1.0000001821669402	1.1862471939520356e-5	0.0001310817022345606
63.0	1.0007835849586189	1.000783468662639	1.0007803381394231	1.0007863319862293	1.0000001878903542	1.1620492352702174e-5	0.00013741669239774533
64.0	1.0008087088304316	1.0008085949884793	1.0008053468211566	1.0008115612905155	1.000000193695658	1.1374996171096001e-5	0.00014387117352004147
65.0	1.0008342315825556	1.000834120229911	1.000830752052201	1.0008371913305152	1.0000001995825547	1.1125982819800368e-5	0.0001504452907285902
66.0	1.0008601533671044	1.000860044539102	1.0008565539767202	1.0008632222555218	1.0000002055507362	1.0873447406355376e-5	0.0001571391854957855
67.0	1.0008864743386097	1.0008863680706173	1.000882752741289	1.0008896542171712	1.0000002115999016	1.0617387199280946e-5	0.0001639530083954907
68.0	1.000913194654024	1.0009130909814383	1.0009093484949216	1.000916487369465	1.0000002177297498	1.035779987526436e-5	0.0001708869074761918
69.0	1.000940314472723	1.000940213430998	1.0009363413891148	1.0009437218688042	1.0000002239399763	1.0094680324685962e-5	0.00017794103078945934
70.0	1.0009678339565085	1.0009677355811533	1.0009637315778055	1.0009713578739723	1.0000002302302788	9.828023624540952e-6	0.00018511553182406218
71.0	1.000995753269612	1.0009956575961911	1.000991519217386	1.0009993955461365	1.0000002366003546	9.557824860983655e-6	0.00019241056602162286
72.0	1.0010240725786974	1.0010239796428495	1.001019704466727	1.0010278350488744	1.0000002430499024	9.284077221724864e-6	0.00019982628900085938
73.0	1.0010527920528631	1.001052701890293	1.0010482874871278	1.0010566765481468	1.0000002495786144	9.00677474679038e-6	0.00020736286112608529
74.0	1.0010819118636463	1.001081824510135	1.0010772684423757	1.0010859202123321	1.0000002561861931	8.725910465274677e-6	0.00021502044240396701
75.0	1.001111432185025	1.0011113476764288	1.0011066474986945	1.0011155662122024	1.0000002628723315	8.441477482333876e-6	0.00022279919563225316
76.0	1.0011413531934223	1.0011412715656876	1.0011364248247925	1.0011456147209639	1.0000002696367287	8.153467493209049e-6	0.0002306992838477506
77.0	1.0011716750677089	1.0011715963568657	1.0011666005918431	1.001176065914224	1.000000276479079	7.861872757361296e-6	0.0002387208745393583
78.0	1.0012023979892057	1.001202322231385	1.0011971749734874	1.0012069199700302	1.0000002833990798	7.5666839028267086e-6	0.00024686413467845574
79.0	1.0012335221416886	1.0012334493731205	1.0012281481458343	1.0012381770688465	1.0000002903964273	7.267891700679347e-6	0.0002551292350870148
80.0	1.0012650477113902	1.0012649779684177	1.0012595202874932	1.0012698373935824	1.0000002974708178	6.965485579237252e-6	0.0002635163471316246
81.0	1.0012969748870049	1.0012969082060843	1.0012912915795447	1.001301901129582	1.000000304621948	6.659454910514405e-6	0.00027202564584926086
82.0	1.0013293038596902	1.001329240277388	1.00132346220553	1.0013343684646139	1.0000003118495118	6.349789431607418e-6	0.00028065730679673414
83.0	1.0013620348230723	1.0013619743760775	1.0013560323515014	1.0013672395889153	1.0000003191532065	6.036477581619784e-6	0.0002894115060052236
84.0	1.001395167973248	1.001395110698368	1.0013890022059702	1.0014005146951512	1.0000003265327277	5.719508320157668e-6	0.00029828842295048785
85.0	1.0014287035087892	1.0014286494429974	1.0014223719600102	1.001434193978492	1.00000033398777	5.398865805832447e-6	0.00030728823624959195
86.0	1.001462641630746	1.0014625908111197	1.0014561418071042	1.001468277636504	1.0000003415180294	5.074540394456973e-6	0.00031641113472417025
87.0	1.0014969825426503	1.0014969350064096	1.0014903119432625	1.0015027658692397	1.0000003491232001	4.746518616643816e-6	0.00032565729657812174
88.0	1.0015317264505204	1.0015316822350575	1.0015248825670384	1.0015376588792562	1.000000356802977	4.414784043168592e-6	0.0003350269067805571
89.0	1.001566873562863	1.0015668327057037	1.0015598538794444	1.0015729568715361	1.000000364557056	4.0793241359996616e-6	0.0003445201575291143
90.0	1.001602424090679	1.0016023866295116	1.001595226084012	1.0016086600535647	1.0000003723851292	3.7401234639909795e-6	0.00035413723401463604
91.0	1.0016383782474654	1.0016383442201446	1.0016309993868087	1.0016447686353087	1.0000003802868926	3.397166230631902e-6	0.0003638783278112769
92.0	1.001674736249221	1.0016747056937776	1.001667173996412	1.0016812828292256	1.0000003882620396	3.0504356756697803e-6	0.0003737436311770199
93.0	1.0017114983144493	1.0017114712690751	1.001703750123892	1.0017182028502425	1.0000003963102655	2.6999165136803405e-6	0.0003837333389809481
94.0	1.0017486646641618	1.0017486411672372	1.0017407279828856	1.001755528915813	1.0000004044312614	2.3455908110540333e-6	0.0003938476438028049
95.0	1.0017862355218836	1.0017862156119595	1.0017781077895267	1.0017932612458638	1.0000004126247224	1.987442375211068e-6	0.0004040867445103358
96.0	1.0018242111136568	1.0018241948294833	1.001815889762498	1.0018314000628483	1.0000004208903404	1.6254521885668765e-6	0.0004144508367482222
97.0	1.0018625916680441	1.0018625790485698	1.0018540741230226	1.001869945591726	1.000000429227811	1.2596013125282873e-6	0.00042494012127113165
98.0	1.0019013774161334	1.001901368500496	1.0018926610948584	1.0019088980599602	1.0000004376368232	8.898717518989571e-7	0.00043555480006298483
99.0	1.0019405685915423	1.0019405634190885	1.001931650904317	1.0019482576975465	1.0000004461170717	5.162435737958597e-7	0.00044629507307762564
100.0	1.0019801654304221	1.0019801640407162	1.0019710437802596	1.001988024737003	1.0000004546682477	1.3869594966589105e-7	0.00045716114519666126
101.0	1.0020201681714618	1.002020170604272	1.002010839954097	1.0020281994133697	1.000000463290043	2.42790539832541e-7	0.00046815322232698925
102.0	1.0020605770558928	1.002060583351211	1.0020510396598001	1.0020687819642264	1.0000004719821491	6.28237295311653e-7	0.0004792715092719968
103.0	1.0021013923274933	1.0021014025255317	1.0020916431338986	1.0021097726296815	1.0000004807442595	1.0176653272626799e-6	0.0004905162142065751
104.0	1.002142614232593	1.0021426283738146	1.0021326506155313	1.002151171652424	1.000000489576062	1.411098712524702e-6	0.0005018875447310582
105.0	1.0021842430200771	1.0021842611451388	1.0021740623463247	1.0021929792776199	1.0000004984772475	1.8085558419016227e-6	0.0005133857151153449
106.0	1.0022262789413907	1.0022263010912233	1.002215878570579	1.0022351957530633	1.0000005074475085	2.2100630466511212e-6	0.0005250109297013781
107.0	1.0022687222505444	1.0022687484663193	1.0022580995351225	1.0022778213290766	1.0000005164865335	2.615643320226311e-6	0.0005367634060337713
108.0	1.0023115732041183	1.0023116035272412	1.002300725489361	1.0023208562585284	1.0000005255940145	3.0253190437167417e-6	0.0005486433583065861
109.0	1.002354832061266	1.0023548665334174	1.0023437566853495	1.00236430079689	1.0000005347696377	3.4391165935488636e-6	0.0005606509983817204
110.0	1.0023984990837214	1.0023985377468236	1.002387193377677	1.0024081552021717	1.0000005440130948	3.857059074872427e-6	0.0005727865453135142
111.0	1.002442574535801	1.002442617432064	1.002431035823594	1.0024524197350044	1.0000005533240728	4.2791740969313116e-6	0.0005850502133841584
112.0	1.0024870586844108	1.0024871058562865	1.0024752842828883	1.0024970946585519	1.0000005627022617	4.705484757158628e-6	0.000597442224706855
113.0	1.0025319517990496	1.0025320032892735	1.0025199390180168	1.0025421802386	1.0000005721473484	5.1360182356299424e-6	0.0006099627950914697
114.0	1.0025772541518159	1.0025773100034139	1.0025650002940463	1.0025876767435364	1.0000005816590225	5.570802427627916e-6	0.0006226121451629531
115.0	1.0026229660174109	1.0026230262736926	1.0026104683786525	1.0026335844443295	1.00000059123697	6.009864503837129e-6	0.0006353904993622524
116.0	1.0026690876731443	1.0026691523776978	1.0026563435421405	1.0026799036145544	1.000000600880877	6.45323110968765e-6	0.0006482980789014822
117.0	1.0027156193989404	1.0027156885956503	1.002702626057443	1.0027266345303958	1.000000610590431	6.900930690502405e-6	0.0006613351072552675
118.0	1.0027625614773417	1.0027626352103989	1.0027493162001497	1.0027737774706669	1.0000006203653191	7.352992627360859e-6	0.0006745018082765108
119.0	1.0028099141935152	1.0028099925074119	1.0027964142484944	1.002821332716795	1.0000006302052258	7.809445797497798e-6	0.0006877984086970324
120.0	1.002857677835257	1.0028577607747835	1.0028439204833304	1.0028693005528222	1.0000006401098376	8.270318751414165e-6	0.0007012251350698147
121.0	1.0029058526929981	1.0029059403032812	1.0028918351882097	1.0029176812654548	1.0000006500788392	8.735643808741618e-6	0.0007147822131697615
122.0	1.0029544390598097	1.00295453138627	1.0029401586493012	1.0029664751439933	1.0000006601119156	9.205449087134897e-6	0.000728469875342883
123.0	1.0030034372314087	1.0030035343198007	1.0029888911554803	1.003015682480416	1.0000006702087507	9.679766627781571e-6	0.0007422883465778073
124.0	1.0030528475061624	1.0030529494025686	1.003038032998263	1.0030653035693393	1.000000680369029	1.0158627878377275e-5	0.0007562378589620933
125.0	1.0031026701850951	1.0031027769359357	1.0030875844718663	1.0031153387080372	1.0000006905924324	1.0642065242626332e-5	0.0007703186441967541
126.0	1.0031529055718935	1.0031530172239076	1.0031375458731535	1.003165788196427	1.000000700878645	1.1130109224480382e-5	0.0007845309342810066
127.0	1.0032035539729116	1.003203670573206	1.0031879175017473	1.0032166523371315	1.0000007112273501	1.1622795179198419e-5	0.0007988749599833892
128.0	1.003254615697177	1.0032547372931873	1.003238699659898	1.0032679314354032	1.0000007216382283	1.2120154569656983e-5	0.0008133509581002699
129.0	1.003306091056397	1.00330621769592	1.003289892652602	1.0033196257992034	1.000000732110962	1.2622222093458239e-5	0.0008279591609399371
130.0	1.0033579803649628	1.003358112096134	1.003341496787515	1.0033717357391443	1.0000007426452324	1.312903008301521e-5	0.0008426998052631373
131.0	1.0034102839399577	1.003410420811298	1.0033935123750721	1.0034242615685827	1.0000007532407191	1.3640615653668663e-5	0.0008575731237381824
132.0	1.0034630021011615	1.0034631441615407	1.003445939728373	1.003477203603514	1.000000763897104	1.4157012160932348e-5	0.0008725793579964319
133.0	1.0035161351710564	1.003516282469713	1.0034987791632528	1.003530562162666	1.0000007746140667	1.4678254932117805e-5	0.0008877187421210929
134.0	1.0035696834748338	1.003569836061392	1.0035520309983144	1.003584337567482	1.0000007853912856	1.5204381000142153e-5	0.0009029915149278142
135.0	1.0036236473403997	1.0036238052648465	1.003605695554853	1.003638530142092	1.0000007962284392	1.5735425054155506e-5	0.0009183979168642416
136.0	1.0036780270983814	1.0036781904111018	1.003659773156948	1.0036931402133793	1.0000008071252058	1.6271425302618543e-5	0.0009339381848530416
137.0	1.0037328230821332	1.0037329918338906	1.0037142641313908	1.0037481681109277	1.0000008180812636	1.6812417963825707e-5	0.0009496125617155692
138.0	1.003788035627743	1.0037882098696977	1.003769168807775	1.0038036141670734	1.0000008290962896	1.7358441071024887e-5	0.0009654212869217337
139.0	1.0038436650740385	1.0038438448577398	1.0038244875184215	1.003859478716879	1.0000008401699616	1.7909531883765476e-5	0.0009813646028272156
140.0	1.0038997117625934	1.0038998971399953	1.0038802205984312	1.003915762098163	1.0000008513019543	1.846572916610707e-5	0.000997442750357753
141.0	1.0039561760377338	1.0039563670612068	1.0039363683857176	1.0039724646515094	1.0000008624919434	1.9027072854262187e-5	0.0010136559727457965
142.0	1.004013058246545	1.0040132549688483	1.0039929312209235	1.0040295867202216	1.0000008737396042	1.9593600075250165e-5	0.0010300045158156822
143.0	1.0040703587388782	1.0040705612132066	1.0040499094475348	1.0040871286504214	1.0000008850446127	2.0165352622189844e-5	0.0010464886189359235
144.0	1.004128077867356	1.0041282861473027	1.004107303411786	1.0041450907909557	1.0000008964066398	2.0742368549771158e-5	0.0010631085310522064
145.0	1.0041862159873804	1.004186430126972	1.0041651134627598	1.0042034734934868	1.0000009078253618	2.1324689405726443e-5	0.0010798644937885674
146.0	1.0042447734571387	1.004244993510818	1.004223339952315	1.0042622771124385	1.0000009193004493	2.191235494519171e-5	0.0010967567545600119
147.0	1.00430375063761	1.0043039766602728	1.0042819832351728	1.004321502005064	1.0000009308315765	2.250540861414063e-5	0.0011137855575259331
148.0	1.0043631478925734	1.0043633799395204	1.0043410436688356	1.0043811485313636	1.0000009424184129	2.3103889014411457e-5	0.0011309511526982566
149.0	1.0044229655886132	1.0044232037155973	1.004400521613656	1.004441217054187	1.0000009540606285	2.370783945502711e-5	0.0011482537825184974
150.0	1.0044832040951268	1.0044834483583462	1.0044604174328382	1.0045017079391882	1.0000009657578992	2.431730251267581e-5	0.0011656936967359222
151.0	1.0045438637843318	1.004544114240434	1.0045207314924305	1.0045626215548404	1.0000009775098888	2.4932321159027186e-5	0.0011832711429646398
152.0	1.004604945031272	1.004605201737346	1.0045814641613344	1.0046239582724383	1.0000009893162711	2.555293752265454e-5	0.001200986370152769
153.0	1.0046664482138261	1.0046667112274286	1.0046426158113104	1.0046857184661309	1.0000010011767109	2.6179196381092446e-5	0.0012188396251543155
154.0	1.0047283737127137	1.004728643091842	1.0047041868169808	1.0047479025128847	1.0000010130908776	2.6811139745322496e-5	0.0012368311592699593
155.0	1.004790721911503	1.0047909977146299	1.004766177555864	1.0048105107925371	1.0000010250584388	2.7448813048018758e-5	0.0012549612191608212
156.0	1.0048534931966178	1.0048537754826843	1.0048285884083545	1.0048735436877851	1.000001037079061	2.8092261054287363e-5	0.0012732300561073058
157.0	1.004916687957345	1.0049169767857478	1.0048914197577312	1.0049370015841654	1.0000010491524107	2.8741527154587416e-5	0.001291637921144467
158.0	1.0049803065858425	1.0049806020164709	1.0049546719901976	1.0050008848701217	1.000001061278149	2.9396658468757606e-5	0.0013101850620994004
159.0	1.005044349477146	1.0050446515703604	1.0050183454948498	1.0050651939369561	1.0000010734559461	3.005769990159158e-5	0.0013288717316105926
160.0	1.0051088170291766	1.0051091258458165	1.0050824406636945	1.005129929178863	1.000001085685464	3.0724697125682565e-5	0.0013476981808280776
161.0	1.005173709642749	1.0051740252441266	1.0051469578916457	1.0051950909929117	1.0000010979663643	3.139769518927183e-5	0.0013666646606933035
162.0	1.0052390277215788	1.0052393501695194	1.0052118975766096	1.005260679779124	1.0000011102983108	3.207674311068211e-5	0.0013857714193527735
163.0	1.0053047716722898	1.0053051010290923	1.0052772601193745	1.005326695940392	1.0000011226809649	3.2761885925369435e-5	0.001405018712582828
164.0	1.0053709419044226	1.0053712782328827	1.0053430459236807	1.0053931398825287	1.0000011351139868	3.345317098145571e-5	0.0014244067907538862
165.0	1.005437538830442	1.005437882193867	1.0054092553962688	1.0054600120143011	1.0000011475970403	3.415064703327737e-5	0.001443935904727122
166.0	1.005504562865745	1.0055049133279346	1.0054758889468018	1.005527312747384	1.0000011601297816	3.485436092824474e-5	0.001463606308701208
167.0	1.005572014428669	1.0055723720539351	1.0055429469879327	1.0055950424964115	1.000001172711869	3.556436147148741e-5	0.0014834182542469757
168.0	1.0056398939404994	1.005640258793658	1.0056104299352842	1.0056632016789497	1.000001185342962	3.628069657664659e-5	0.0015033719942809034
169.0	1.0057082018254777	1.0057085739718534	1.005678338207472	1.0057317907155336	1.0000011980227201	3.7003414612717515e-5	0.0015234677808547582
170.0	1.0057769385108108	1.005777318016255	1.0057466722261268	1.0058008100296825	1.0000012107507956	3.773256570619071e-5	0.0015437058657941536
171.0	1.0058461044266778	1.0058464913575613	1.005815432415859	1.0058702600478682	1.000001223526848	3.8468199245682654e-5	0.0015640865039860713
172.0	1.0059157000062389	1.0059160944294374	1.0058846192043007	1.0059401411995423	1.0000012363505286	3.921036310935279e-5	0.0015846099486296775
173.0	1.0059857256856441	1.0059861276685746	1.0059542330221165	1.0060104539171708	1.000001249221495	3.9959108785962356e-5	0.0016052764495130861
174.0	1.0060561819040414	1.0060565915146429	1.006024274303004	1.006081198636207	1.0000012621393997	4.071448581152525e-5	0.0016260862621062992
175.0	1.0061270691035848	1.0061274864103285	1.0060947434836893	1.0061523757951112	1.0000012751038947	4.1476544704944345e-5	0.0016470396389717083
176.0	1.0061983877294438	1.0061988128013448	1.0061656410039639	1.00622398583538	1.0000012881146316	4.224533712188397e-5	0.0016681368326320685
177.0	1.0062701382298116	1.006270571136405	1.006236967306659	1.0062960292015062	1.0000013011712623	4.302091227939796e-5	0.0016893780983268773
178.0	1.0063423210559135	1.0063427618672944	1.0063087228376992	1.0063685063410492	1.0000013142734374	4.380332335525158e-5	0.0017107636861318396
179.0	1.0064149366620163	1.0064153854487987	1.0063809080460477	1.006441417704576	1.0000013274208035	4.459261941120692e-5	0.0017322938520569848
180.0	1.0064879855054367	1.006488442338794	1.0064535233837786	1.0065147637457381	1.0000013406130115	4.538885351281321e-5	0.0017539688451137176
181.0	1.0065614680465507	1.006561932998197	1.006526569306065	1.0065885449212344	1.000001353849709	4.619207679362678e-5	0.0017757889210593375
182.0	1.0066353847488014	1.0066358578910166	1.0066000462711775	1.0066627616908503	1.0000013671305397	4.700234288932498e-5	0.001797754329597919
183.0	1.0067097360787105	1.0067102174843203	1.0066739547405077	1.0067374145174357	1.0000013804551524	4.781970339288444e-5	0.0018198653281005397
184.0	1.006784522505884	1.0067850122482596	1.006748295178532	1.0068125038669158	1.0000013938231918	4.8644209817942694e-5	0.0018421221656314737
185.0	1.006859744503025	1.0068602426561037	1.006823068052911	1.0068880302083445	1.000001407234301	4.947591573771719e-5	0.0018645250946382375
186.0	1.00693540254594	1.0069359091842243	1.0068982738344243	1.0069639940138744	1.0000014206881243	5.031487451265517e-5	0.0018870743671990276
187.0	1.00701149711355	1.0070120123120978	1.0069739129969943	1.0070403957587633	1.0000014341843013	5.116113860668915e-5	0.001909770237005465
188.0	1.0070880286878996	1.0070885525223412	1.0070499860177238	1.0071172359214078	1.0000014477224761	5.201476203464645e-5	0.001932612953891451
189.0	1.0071649977541657	1.0071655303006943	1.0071264933768684	1.0071945149833295	1.0000014613022878	5.287579789217281e-5	0.0019556027711744623
190.0	1.007242404800668	1.0072429461360377	1.007203435557866	1.0072722334291948	1.0000014749233757	5.3744298995100914e-5	0.001978739938641319
191.0	1.007320250318879	1.0073208005204364	1.0072808130473674	1.007350391746853	1.0000014885853803	5.462032131800133e-5	0.002002024705986315
192.0	1.0073985348034313	1.007399093949075	1.0073586263351864	1.0074289904272702	1.0000015022879356	5.550391669697587e-5	0.002025457329135379
193.0	1.0074772587521306	1.007477826920351	1.0074368759143937	1.007508029964635	1.000001516030681	5.6395140985655026e-5	0.002049038052299913
194.0	1.0075564226659635	1.0075569999358125	1.0075155622812226	1.0075875108562773	1.0000015298132505	5.729404686897576e-5	0.002072767129820254
195.0	1.0076360270491078	1.0076366135002237	1.0075946859351836	1.0076674336027511	1.000001543635279	5.820068954947414e-5	0.0020966448097414405
196.0	1.0077160724089427	1.0077166681215524	1.007674247379018	1.0077477987078192	1.0000015574964	5.9115124388316676e-5	0.002120671340468197
197.0	1.0077965592560592	1.007797164310967	1.0077542471187184	1.0078286066784354	1.0000015713962462	6.003740560501326e-5	0.002144846974596625
198.0	1.0078774881042691	1.007878102582854	1.0078346856635112	1.0079098580247814	1.0000015853344508	6.096758704866033e-5	0.002169171959149849
199.0	1.007958859470617	1.0079594834548595	1.0079155635259374	1.0079915532602925	1.0000015993106413	6.190572528187592e-5	0.002193646541063645
200.0	1.008040673875389	1.0080413074478438	1.007996881221792	1.0080736929016283	1.0000016133244483	6.285187405054231e-5	0.002218270970378371
201.0	1.0081229318421236	1.0081235750859325	1.0080786392701715	1.0081562774687096	1.0000016273755004	6.380608838140174e-5	0.0022430454931647633
202.0	1.0082056338976229	1.0082062868965367	1.008160838193494	1.0082393074847473	1.0000016414634265	6.476842539611558e-5	0.0022679703556199478
203.0	1.0082887805719616	1.008289443410296	1.0082434785174446	1.0083227834761794	1.0000016555878504	6.573893781363183e-5	0.002293045808315631
204.0	1.0083723723984992	1.008373045161184	1.0083265607710923	1.0084067059727817	1.0000016697483993	6.671768320014121e-5	0.0023182720926506863
205.0	1.0084564099138897	1.008457092686431	1.0084100854867917	1.008491075507593	1.0000016839446961	6.770471529156852e-5	0.002343649457411489
206.0	1.008540893658093	1.0085415865265996	1.0084940532002817	1.0085758926169774	1.0000016981763655	6.870009048970605e-5	0.0023691781459301074
207.0	1.0086258241743848	1.0086265272255526	1.0085784644506268	1.0086611578406033	1.0000017124430265	6.970386350190809e-5	0.0023948584032834515
208.0	1.008711202009369	1.0087119153305062	1.0086633197803019	1.0087468717215002	1.0000017267443024	7.071609156793499e-5	0.0024206904730321665
209.0	1.008797027712987	1.0087977513919797	1.0087486197351225	1.0088330348060035	1.000001741079811	7.173682840559226e-5	0.0024466745995080706
210.0	1.0088833018385304	1.0088840359638647	1.0088343648643097	1.0089196476438151	1.0000017554491738	7.27661299342452e-5	0.002472811024906247
211.0	1.0089700249426508	1.0089707696034231	1.008920555720513	1.0090067107880165	1.0000017698520065	7.380405304117445e-5	0.002499099989987729
212.0	1.0090571975853722	1.0090579528712695	1.0090071928597601	1.00909422479504	1.0000017842879247	7.485065258814271e-5	0.002525541739249356
213.0	1.0091448203301017	1.009145586331402	1.0090942768415148	1.0091821902247042	1.000001798756543	7.59059834582564e-5	0.0025521365128880523
214.0	1.0092328937436408	1.0092336705512448	1.0091818082287143	1.0092706076402649	1.0000018132574788	7.6970103613829e-5	0.0025788845486484514
215.0	1.0093214183961974	1.0093222061015787	1.009269787587678	1.009359477608323	1.0000018277903404	7.804306606493877e-5	0.002605786090753993
216.0	1.0094103948613973	1.0094111935566399	1.0093582154882468	1.0094488006989473	1.0000018423547434	7.91249274502915e-5	0.0026328413732924242
217.0	1.009499823716295	1.0095006334940693	1.0094470925036807	1.009538577485612	1.000001856950295	8.02157420085378e-5	0.0026600506365836033
218.0	1.0095897055413876	1.0095905264949876	1.0095364192107996	1.0096288085452767	1.000001871576607	8.131556764923685e-5	0.0026874141167047014
219.0	1.0096800409206235	1.0096808731439193	1.0096261961898394	1.009719494458298	1.0000018862332845	8.24244574621497e-5	0.002714932052461336
220.0	1.0097708304414172	1.0097716740289082	1.0097164240246332	1.00981063580857	1.0000019009199361	8.354246979031243e-5	0.0027426046781490097
221.0	1.0098620746946598	1.0098629297414112	1.0098071033024354	1.0099022331833902	1.0000019156361666	8.4669656661865e-5	0.0027704322311166755
222.0	1.0099537742747315	1.0099546408764144	1.0098982346140923	1.0099942871735939	1.00000193038158	8.58060739939096e-5	0.0027984149434520395
223.0	1.0100459297795137	1.0100468080324112	1.0099898185540086	1.0100867983735269	1.0000019451557787	8.69517782928853e-5	0.0028265530478072554
224.0	1.0101385418104014	1.0101394318113892	1.0100818557201303	1.0101797673810369	1.000001959958366	8.810682406014144e-5	0.0028548467791329893
225.0	1.0102316109723155	1.0102325128188534	1.0101743467139508	1.0102731947974868	1.0000019747889404	8.927126493546741e-5	0.0028832963693334354
226.0	1.0103251378737153	1.0103260516638763	1.0102672921405926	1.0103670812278103	1.000001989647103	9.044515738939427e-5	0.0029119020473311248
227.0	1.0104191231266106	1.0104200489590425	1.0103606926087112	1.0104614272804555	1.0000020045324483	9.16285539970556e-5	0.0029406640449775893
228.0	1.0105135673465753	1.0105145053205424	1.0104545487306567	1.0105562335674914	1.0000020194445758	9.282151150392558e-5	0.0029695825893363316
229.0	1.0106084711527592	1.0106094213681032	1.0105488611223286	1.0106515007045143	1.0000020343830764	9.402408262821835e-5	0.0029986579113616763
230.0	1.0107038351679014	1.01070479772506	1.0106436304032935	1.0107472293107413	1.0000020493475483	9.523632197219184e-5	0.0030278902360296365
231.0	1.0107996600183424	1.0108006350183454	1.010738857196762	1.010843420008985	1.0000020643375833	9.645828362650588e-5	0.0030572797909498603
232.0	1.0108959463340388	1.0108969338785057	1.010834542129611	1.010940073425681	1.0000020793527695	9.769002145568066e-5	0.0030868268003429204
233.0	1.010992694748574	1.010993694939703	1.0109306858323712	1.011037190190881	1.0000020943926962	9.893158815346435e-5	0.0031165314897398442
234.0	1.0110899058991731	1.011090918839755	1.011027288939284	1.0111347709383045	1.0000021094569553	0.00010018303772464837	0.0031463940804662602
235.0	1.011187580426716	1.0111886062201294	1.0111243520882855	1.0112328163053146	1.0000021245451325	0.00010144442368348645	0.003176414796120157
236.0	1.0112857189757507	1.0112867577259452	1.0112218759210094	1.0113313269329394	1.0000021396568082	0.00010271579782402524	0.0032065938585059263
237.0	1.0113843221945058	1.011385374006028	1.0113198610828504	1.0114303034659118	1.0000021547915727	0.0001039972144139239	0.0032369314863371786
238.0	1.0114833907349052	1.0114844557128757	1.0114183082229384	1.0115297465526498	1.0000021699490036	0.00010528872547315589	0.003267427899999612
239.0	1.0115829252525814	1.0115840035026915	1.0115172179941305	1.0116296568452698	1.0000021851286867	0.00010659038257469306	0.003298083317179198
240.0	1.0116829264068896	1.0116840180354025	1.0116165910530666	1.0117300349996328	1.0000022003301974	0.00010790223739309749	0.0033288979544413007
241.0	1.0117833948609205	1.0117844999746597	1.0117164280601647	1.0118308816753112	1.0000022155531152	0.0001092243403873899	0.0033598720276015732
242.0	1.0118843312815156	1.011885449987911	1.0118167296796914	1.0119321975356959	1.0000022307970153	0.00011055674655056734	0.0033910057475321363
243.0	1.01198573633928	1.0119868687462945	1.0119174965796511	1.012033983247863	1.0000022460614744	0.00011189950351472489	0.0034222993348853076
244.0	1.0120876107085979	1.012088756924776	1.012018729431912	1.0121362394827271	1.0000022613460653	0.00011325266370876487	0.003453752995709561
245.0	1.0121899550676454	1.012191115202084	1.012120428912187	1.0122389669149696	1.00000227665036	0.00011461627658994031	0.003485366945301674
246.0	1.0122927700984061	1.0122939442607681	1.0122225957000368	1.0123421662231	1.0000022919739289	0.00011599039296618335	0.003517141389882201
247.0	1.0123960564866847	1.0123972447871838	1.0123252304788835	1.0124458380894332	1.000002307316342	0.00011737506201225741	0.0035490765402187694
248.0	1.0124998149221223	1.0125010174715159	1.0124283339360323	1.0125499832001326	1.0000023226771644	0.00011877033219133277	0.003581172602584958
249.0	1.0126040460982098	1.0126052630078106	1.0125319067626983	1.0126546022452128	1.000002338055963	0.00012017625305312619	0.0036134297827511083
250.0	1.0127087507123045	1.0127099820939742	1.0126359496540107	1.0127596959185696	1.0000023534523015	0.00012159287345702128	0.0036458482851705054
251.0	1.012813929465643	1.0128151754317862	1.0127404633090211	1.0128652649179721	1.00000236886574	0.00012302024161594055	0.003678428314797181
252.0	1.0129195830633582	1.012920843726909	1.0128454484307217	1.0129713099450715	1.0000023842958456	0.00012445840439487081	0.003711170073070929
253.0	1.0130257122144926	1.0130269876889242	1.012950905726079	1.0130778317054625	1.0000023997421732	0.0001259074094812153	0.003744073759494742
254.0	1.013132317632014	1.0131336080313382	1.013056835906019	1.013184830908654	1.000002415204281	0.00012736730452928666	0.0037771395745043
255.0	1.0132394000328313	1.0132407054715684	1.01316323968545	1.0132923082680838	1.0000024306817235	0.0001288381341139024	0.0038103677174266067
256.0	1.0133469601378102	1.0133482807310203	1.0132701177833086	1.0134002645011784	1.0000024461740584	0.0001303199458889599	0.0038437583820949304
257.0	1.013454998671787	1.0134563345350285	1.0133774709225112	1.0135087003293044	1.000002461680835	0.00013181278333337747	0.0038773117658765024
258.0	1.0135635163635854	1.013564867612943	1.0134852998300585	1.0136176164778499	1.000002477201605	0.0001333166926099857	0.003911028060816596
259.0	1.0136725139460334	1.0136738806981047	1.0135936052369836	1.0137270136762047	1.0000024927359186	0.0001348317185770647	0.003944907459662771
260.0	1.0137819921559763	1.013783374527861	1.0137023878783862	1.0138368926577652	1.0000025082833215	0.0001363579048982314	0.0039789501557961635
261.0	1.013891951734295	1.0138933498435847	1.0138116484934458	1.0139472541599674	1.000002523843361	0.00013789529419606288	0.00401315633678896
262.0	1.014002393425921	1.0140038073906934	1.0139213878254174	1.0140580989242984	1.00000253941558	0.00013944392849029902	0.004047526189595004
263.0	1.014113317979853	1.0141147479186945	1.014031606621725	1.0141694276963429	1.0000025549995206	0.00014100385195668004	0.00408205990087581
264.0	1.0142247261491728	1.0142261721811547	1.0141423056339072	1.0142812412257523	1.0000025705947246	0.0001425751063498009	0.0041167576575888536
265.0	1.014336618691062	1.0143380809357119	1.0142534856176053	1.0143935402662565	1.0000025862007282	0.00014415773056630622	0.004151619642825106
266.0	1.0144489963668186	1.0144504749441534	1.0143651473326842	1.014506325575746	1.00000260181707	0.00014575176673107407	0.004186646036180483
267.0	1.014561859941873	1.0145633549723732	1.0144772915431644	1.0146195979162251	1.0000026174432848	0.0001473572543078444	0.004221837019095273
268.0	1.0146752101858054	1.01467672179042	1.0145899190172725	1.014733358053864	1.0000026330789025	0.00014897423327346387	0.004257192771108092
269.0	1.0147890478723627	1.0147905761724771	1.0147030305274263	1.0148476067589727	1.0000026487234586	0.0001506027403100162	0.004292713469656922
270.0	1.0149033737794746	1.0149049188969423	1.014816626850319	1.0149623448060874	1.0000026643764806	0.0001522428151948551	0.004328399287670672
271.0	1.0150181886892717	1.0150197507463778	1.0149307087668427	1.015077572973915	1.0000026800374968	0.00015389449406076814	0.00436425040146659
272.0	1.0151334933881022	1.0151350725075827	1.0150452770622103	1.015193292045413	1.0000026957060306	0.00015555781488796254	0.004400266982739203
273.0	1.0152492886665498	1.0152508849715616	1.0151603325258658	1.015309502807749	1.0000027113816066	0.00015723281262548957	0.00443644920275936
274.0	1.01536557531945	1.0153671889335643	1.0152758759515785	1.0154262060523505	1.0000027270637477	0.0001589195215544607	0.0044727972303597275
275.0	1.0154823541459088	1.0154839851931197	1.0153919081374392	1.015543402574932	1.0000027427519713	0.00016061797668755199	0.004509311230577206
276.0	1.0155996259493199	1.0156012745540448	1.0155084298858847	1.015661093175505	1.0000027584457964	0.00016232821309052002	0.004545991371015112
277.0	1.0157173915373827	1.0157190578244304	1.0156254420036754	1.015779278658363	1.000002774144739	0.0001640502625590181	0.004582837816132394
278.0	1.0158356517221199	1.015837335816688	1.015742945301958	1.015897959832134	1.0000027898483141	0.0001657841566366444	0.0046198507278110545
279.0	1.0159544073198963	1.0159561093475795	1.0158609405962764	1.0160171375098066	1.0000028055560306	0.00016752992762016577	0.004657030263824391
280.0	1.016073659151436	1.0160753792382111	1.0159794287065909	1.0161368125087262	1.0000028212674013	0.00016928760622049436	0.00469437658664422
281.0	1.016193408041842	1.0161951463140502	1.0160984104572517	1.0162569856506043	1.00000283698193	0.00017105722143222394	0.004731889851044495
282.0	1.016313654820613	1.0163154114049542	1.0162178866770692	1.0163776577615564	1.0000028526991267	0.00017283880156121543	0.004769570212843118
283.0	1.0164344003216639	1.0164361753452098	1.0163378581993439	1.0164988296721453	1.000002868418492	0.00017463237621266029	0.004807417823873137
284.0	1.0165556453833424	1.0165574389735117	1.016458325861837	1.0166205022173405	1.0000028841395272	0.00017643797242384437	0.004845432838426375
285.0	1.0166773908484499	1.0166792031329928	1.016579290506802	1.0167426762365699	1.0000028998617336	0.0001782556157137294	0.004883615404861545
286.0	1.0167996375642594	1.0168014686712603	1.0167007529810126	1.0168653525737419	1.0000029155846077	0.00018008533178692245	0.004921965671042852
287.0	1.0169223863825343	1.0169242364403928	1.0168227141357977	1.0169885320772571	1.0000029313076437	0.00018192714441530347	0.004960483783551041
288.0	1.0170456381595485	1.017047507296988	1.0169451748270253	1.01711221560004	1.0000029470303344	0.00018378107818979586	0.004999169884231204
289.0	1.0171693937561055	1.017171282102145	1.0170681359151459	1.0172364039995223	1.0000029627521743	0.00018564715485222194	0.005038024119078297
290.0	1.0172936540375572	1.0172955617215245	1.017191598265226	1.0173610981377255	1.000002978472647	0.00018752539737842145	0.005077046625876084
291.0	1.017418419873825	1.0174203470253234	1.0173155627469157	1.0174862988812077	1.000002994191239	0.00018941582545960482	0.005116237544217345
292.0	1.0175436921394176	1.0175456388883217	1.0174400302345101	1.0176120071011325	1.0000030099074393	0.00019131845827545822	0.0051555970117026315
293.0	1.0176694717134531	1.0176714381899123	1.0175650016069662	1.0177382236732762	1.0000030256207255	0.00019323331532332958	0.0051951251604466595
294.0	1.0177957594796774	1.01779774581409	1.017690477747905	1.0178649494780434	1.0000030413305785	0.00019516041349440982	0.005234822125937083
295.0	1.0179225563264855	1.017924562649514	1.0178164595456767	1.0179921854005092	1.0000030570364757	0.00019709977108879007	0.005274688036688472
296.0	1.0180498631469408	1.0180518895894675	1.017942947893296	1.018119932330388	1.000003072737892	0.00019905140209991782	0.005314723024844685
297.0	1.0181776808387963	1.0181797275319218	1.018069943688529	1.0182481911620924	1.0000030884343005	0.00020101532020792346	0.005354927215835517
298.0	1.0183060103045156	1.0183080773795785	1.0181974478339297	1.0183769627947894	1.000003104125172	0.00020299154104734085	0.005395300731823157
299.0	1.0184348524512925	1.01843694003981	1.0183254612367656	1.0185062481323153	1.0000031198099726	0.0002049800743131267	0.005435843700422995
300.0	1.0185642081910729	1.0185663164247662	1.018453984809159	1.0186360480833117	1.0000031354881682	0.00020698093222250226	0.00547655623930505
301.0	1.0186940784405754	1.0186962074513635	1.0185830194680423	1.0187663635611963	1.0000031511592264	0.00020899412622179116	0.005517438467815662
302.0	1.0188244641213127	1.0188266140412725	1.0187125661351637	1.0188971954841552	1.0000031668226024	0.00021101966389191286	0.005558490506014488
303.0	1.018955366159613	1.018957537120968	1.018842625737123	1.0190285447751926	1.0000031824777578	0.00021305755160919452	0.005599712466999441
304.0	1.019086785486641	1.0190889776217795	1.018973199205444	1.0191604123621865	1.0000031981241477	0.0002151077974656154	0.005641104462595365
305.0	1.0192187230384206	1.0192209364798615	1.0191042874765222	1.0192927991778489	1.0000032137612265	0.00021717040619141482	0.005682666603983235
306.0	1.0193511797558559	1.0193534146362364	1.0192358914916722	1.0194257061597831	1.0000032293884427	0.00021924538127001257	0.005724399001458123
307.0	1.019484156584753	1.01948641303682	1.019368012197167	1.0195591342504942	1.0000032450052487	0.00022133272522177136	0.0057663017609628575
308.0	1.019617654475843	1.019619932632455	1.0195006505442528	1.0196930843974292	1.0000032606110887	0.00022343244078041084	0.005808374985808216
309.0	1.0197516743848034	1.0197539743788908	1.0196338074891487	1.0198275575529667	1.0000032762054056	0.00022554452669022872	0.005850618782006777
310.0	1.019886217272281	1.0198885392368595	1.019767483993116	1.0199625546744782	1.0000032917876407	0.00022766898299902242	0.005893033246727652
311.0	1.0200212841039142	1.0200236281720547	1.0199016810224204	1.0200980767243133	1.0000033073572336	0.00022980580670333486	0.005935618480447226
312.0	1.0201568758503565	1.0201592421551622	1.0200363995483697	1.0202341246698272	1.00000332291362	0.00023195499257740515	0.005978374579738604
313.0	1.020292993487298	1.0202953821619252	1.020171640547407	1.0203706994834585	1.000003338456231	0.00023411653735295432	0.006021301635137792
314.0	1.0204296379954898	1.0204320491731087	1.020307405001033	1.020507802142676	1.0000033539844986	0.0002362904338643079	0.0060643997426347756
315.0	1.0205668103607666	1.02056924417456	1.0204436938959005	1.020645433630056	1.0000033694978514	0.00023847667479305664	0.006107668991525128
316.0	1.0207045115740705	1.0207069681571912	1.0205805082237662	1.0207835949332487	1.000003384995713	0.0002406752486000093	0.006151109469588911
317.0	1.0208427426314737	1.0208452221170727	1.0207178489816116	1.0209222870450863	1.0000034004775058	0.00024288614646651187	0.0061947212605652936
318.0	1.020981504534203	1.0209840070553808	1.0208557171715704	1.0210615109635213	1.0000034159426505	0.00024510935474586856	0.006238504449806649
319.0	1.0211207982886639	1.0211233239784823	1.020994113801027	1.0212012676917168	1.0000034313905655	0.00024734486092467897	0.00628245911809824
320.0	1.0212606249064637	1.0212631738978994	1.0211330398825746	1.0213415582380059	1.000003446820663	0.00024959264790374924	0.006326585345723825
321.0	1.0214009854044366	1.0214035578304053	1.021272496434108	1.021482383616001	1.000003462232355	0.000251852700892456	0.00637088320572298
322.0	1.0215418808046677	1.0215444767979711	1.0214124844787864	1.0216237448445233	1.000003477625052	0.0002541249998863256	0.006415352778457453
323.0	1.0216833121345172	1.0216859318278644	1.0215530050451038	1.0217656429477078	1.0000034929981563	0.00025640952690769286	0.006459994131345115
324.0	1.021825280426646	1.0218279239526042	1.0216940591668722	1.021908078954962	1.0000035083510732	0.0002587062591591993	0.006504807339902758
325.0	1.0219677867190404	1.0219704542100352	1.0218356478832769	1.022051053901046	1.0000035236832034	0.0002610151738070343	0.006549792468549766
326.0	1.0221108320550363	1.0221135236433343	1.0219777722388834	1.0221945688260603	1.0000035389939432	0.0002633362462864095	0.006594949584669479
327.0	1.022254417483346	1.0222571333010253	1.0221204332836642	1.022338624775479	1.0000035542826875	0.0002656694491080439	0.00664027875280364
328.0	1.0223985440580814	1.0224012842370507	1.0222636320730638	1.0224832228002159	1.0000035695488259	0.0002680147565946891	0.006685780031935718
329.0	1.0225432128387828	1.0225459775107197	1.0224073696679536	1.0226283639565656	1.000003584791748	0.000270372137062422	0.00673145348415657
330.0	1.0226884248904415	1.0226912141868165	1.0225516471347131	1.022774049306328	1.0000036000108417	0.0002727415610753553	0.0067772991645402144
331.0	1.0228341812835282	1.0228369953355547	1.02269646554522	1.0229202799167383	1.0000036152054865	0.0002751229943235353	0.0068233171312623965
332.0	1.0229804830940172	1.022983322032637	1.0228418259768728	1.0230670568605544	1.0000036303750617	0.0002775164010124697	0.0068695074334386074
333.0	1.0231273314034146	1.0231301953593153	1.0229877295127092	1.023214381216107	1.0000036455189467	0.00027992174705445126	0.00691587012189271
334.0	1.0232747272987837	1.0232776164023445	1.02313417724129	1.0233622540672367	1.0000036606365115	0.000282338993015012	0.006962405247198659
335.0	1.0234226718727717	1.0234255862540536	1.0232811702568085	1.023510676503397	1.000003675727128	0.0002847680984560259	0.007009112853103028
336.0	1.0235711662236373	1.0235741060123709	1.0234287096591195	1.0236596496196504	1.000003690790163	0.00028720902176290297	0.007055992984878893
337.0	1.0237202114552775	1.0237231767808417	1.0235767965537275	1.0238091745166988	1.0000037058249815	0.00028966171919110216	0.00710304568233613
338.0	1.0238698086772549	1.0238727996686494	1.0237254320518336	1.023959252300912	1.000003720830942	0.00029212614428216567	0.0071502709866325806
339.0	1.0240199590048247	1.0240229757906696	1.0238746172703934	1.02410988408437	1.0000037358074036	0.00029460225051114285	0.007197668931920039
340.0	1.0241706635589634	1.0241737062674787	1.0240243533321054	1.0242610709848814	1.0000037507537203	0.00029708998935712726	0.0072452395552550205
341.0	1.0243219234663956	1.0243249922253634	1.0241746413654202	1.024412814125979	1.0000037656692438	0.00029958930854892166	0.007292982888549795
342.0	1.0244737398596235	1.024476834796372	1.0243254825046118	1.024565114636988	1.0000037805533226	0.00030210015425694925	0.007340898963276729
343.0	1.0246261138769537	1.0246292351183472	1.0244768778897901	1.0247179736530478	1.0000037954052994	0.00030462247167960114	0.007388987805262948
344.0	1.0247790466625264	1.0247821943349456	1.0246288286669345	1.0248713923151391	1.000003810224517	0.0003071562040040036	0.007437249440693741
345.0	1.024932539366344	1.0249357135956516	1.0247813359878986	1.0250253717700897	1.0000038250103134	0.0003097012911294204	0.0074856838938769385
346.0	1.0250865931443003	1.0250897940558423	1.0249344010104722	1.0251799131706478	1.000003839762021	0.00031225767300562673	0.007534291184077834
347.0	1.025241209158209	1.0252444368767712	1.0250880248983818	1.025335017675462	1.0000038544789744	0.00031482528534474774	0.007583071332255594
348.0	1.0253963885758337	1.0253996432256294	1.0252422088213264	1.0254906864491449	1.000003869160499	0.0003174040626562151	0.007632024353998206
349.0	1.0255521325709167	1.02555541427558	1.0253969539550356	1.025646920662304	1.0000038838059186	0.0003199939387891027	0.007681150262381071
350.0	1.0257084423232097	1.0257117512057379	1.0255522614812265	1.025803721491519	1.000003898414555	0.0003225948419321067	0.007730449073724297
351.0	1.0258653190185023	1.0258686552012681	1.0257081325877195	1.0259610901194551	1.0000039129857272	0.00032520670150101405	0.00777992079204388
352.0	1.0260227638486539	1.0260261274533824	1.025864568468431	1.0261190277348473	1.0000039275187458	0.00032782944463205315	0.007829565428277029
353.0	1.0261807780116223	1.0261841691593512	1.0260215703233813	1.0262775355325076	1.0000039420129245	0.00033046299458261744	0.007879382989020042
354.0	1.0263393627114963	1.0263427815225485	1.0261791393587385	1.0264366147133845	1.0000039564675662	0.0003331072719676241	0.00792937347557604
355.0	1.0264985191585245	1.0265019657525145	1.0263372767868886	1.0265962664846222	1.0000039708819777	0.00033576219796320066	0.007979536887719508
356.0	1.0266582485691478	1.0266617230649175	1.026495983826389	1.0267564920595083	1.0000039852554565	0.0003384276875585705	0.008029873227219304
357.0	1.0268185521660296	1.0268220546816649	1.02665526170206	1.026917292657609	1.0000039995872982	0.00034110365730268406	0.008080382484381525
358.0	1.0269794311780882	1.0269829618308766	1.0268151116450022	1.027078669504722	1.0000040138767958	0.0003437900196601396	0.008131064660283828
359.0	1.0271408868405283	1.027144445746931	1.0269755348926182	1.027240623832935	1.0000040281232367	0.00034648668437656027	0.008181919743521011
360.0	1.027302920394872	1.0273065076705041	1.0271365326886364	1.0274031568806596	1.0000040423259058	0.0003491935592591278	0.008232947723138253
361.0	1.0274655330889924	1.0274691488486085	1.0272981062831845	1.0275662698926704	1.000004056484085	0.00035191055074028897	0.00828414858678972
362.0	1.0276287261771453	1.0276323705345956	1.0274602569327609	1.0277299641201123	1.0000040705970497	0.00035463756096213903	0.008335522319892803
363.0	1.0277925009200015	1.0277961739882473	1.027622985900346	1.027894240820588	1.0000040846640734	0.00035737449363484175	0.008387068905064602
364.0	1.02795685858468	1.0279605604756998	1.027786294455303	1.0280591012580784	1.0000040986844276	0.00036012124330022326	0.00843878832618123
365.0	1.0281218004447823	1.0281255312695934	1.0279501838735428	1.028224546703104	1.000004112657375	0.0003628777066563387	0.008490680557249728
366.0	1.0282873277804228	1.028291087649065	1.0281146554375253	1.02839057843271	1.0000041265821793	0.00036564377879882406	0.00854274557569312
367.0	1.0284534418782652	1.0284572308997284	1.0282797104362151	1.0285571977304417	1.000004140458097	0.0003684193478250209	0.008594983357291183
368.0	1.0286201440315554	1.0286239623138038	1.0284453501652302	1.028724405886487	1.0000041542843807	0.00037120430418704353	0.008647393870651368
369.0	1.0287874355401556	1.0287912831900685	1.0286115759267844	1.02889220419762	1.0000041680602823	0.0003739985326397737	0.008699977088067738
370.0	1.028955317710578	1.0289591948339565	1.0287783890297963	1.029060593967297	1.0000041817850442	0.00037680191859032204	0.008752732976061437
371.0	1.0291237918560199	1.0291276985574866	1.0289457907897848	1.0292295765055925	1.0000041954579106	0.0003796143377198388	0.008805661502502012
372.0	1.0292928592963992	1.0292967956794774	1.0291137825291319	1.0293991531294178	1.000004209078118	0.000382435673444124	0.008858762625362367
373.0	1.0294625213583888	1.0294664875253738	1.0292823655768792	1.029569325162328	1.0000042226449002	0.0003852657967407496	0.008912036310884875
374.0	1.029632779375451	1.029636775427449	1.0294515412689167	1.0297400939347514	1.0000042361574846	0.000388104582333859	0.008965482512262788
375.0	1.029803634687875	1.0298076607247375	1.0296213109479428	1.0299114607838955	1.0000042496150965	0.00039095189868689167	0.009019101192224049
376.0	1.0299750886428116	1.0299791447631474	1.0297916759635777	1.0300834270538846	1.0000042630169574	0.0003938076154027792	0.00907289230031598
377.0	1.0301471425943096	1.030151228895399	1.0299626376722755	1.0302559940956806	1.000004276362283	0.0003966715938257118	0.009126855793542341
378.0	1.0303197979033516	1.030323914481166	1.0301341974374862	1.030429163267229	1.0000042896502863	0.0003995436972853392	0.009180991617795736
379.0	1.030493055937892	1.0304972028870334	1.030306356629603	1.0306029359334286	1.0000043028801746	0.00040242378320933756	0.009235299723507614
380.0	1.0306669180728927	1.0306710954865925	1.0304791166260558	1.0307773134662053	1.000004316051149	0.00040531170901041884	0.009289780055858692
381.0	1.0308413856903602	1.030845593660418	1.030652478811291	1.03095229724451	1.0000043291624114	0.0004082073261849644	0.009344432560143065
382.0	1.0310164601793845	1.0310206987961674	1.0308264445768895	1.0311278886544022	1.0000043422131546	0.00041111048626273246	0.009399257176573321
383.0	1.0311921429361752	1.0311964122885644	1.0310010153215083	1.0313040890890481	1.0000043552025681	0.0004140210355965477	0.009454253846245646
384.0	1.0313684353641002	1.031372735539462	1.031176192450975	1.03148089994877	1.0000043681298392	0.0004169388178217035	0.009509422507324193
385.0	1.0315453388737246	1.0315496699578997	1.0313519773783404	1.0316583226411145	1.0000043809941486	0.0004198636755810173	0.009564763092089668
386.0	1.0317228548828477	1.0317272169600968	1.031528371523855	1.0318363585808452	1.0000043937946708	0.0004227954463296579	0.00962027553793923
387.0	1.0319009848165437	1.031905377969526	1.0317053763150559	1.0320150091900036	1.0000044065305784	0.00042573396546045233	0.009675959775477038
388.0	1.0320797301071996	1.0320841544169304	1.0318829931867886	1.0321942758979437	1.00000441920104	0.00042867906439165255	0.009731815734432856
389.0	1.0322590921945547	1.0322635477403894	1.0320612235812558	1.032374160141389	1.0000044318052164	0.0004316305730233582	0.009787843340926392
390.0	1.0324390725257413	1.032443559385354	1.0322400689480686	1.0325546633644718	1.0000044443422653	0.00043458831926648355	0.009844042521767979
391.0	1.0326196725553236	1.0326241908046148	1.0324195307442015	1.03273578701869	1.0000044568113413	0.00043755212216433135	0.009900413202152463
392.0	1.0328008937453383	1.0328054434584777	1.0325996104341635	1.0329175325631024	1.00000446921159	0.0004405218050157451	0.00995695530058244
393.0	1.0329827375653358	1.0329873188146486	1.0327803094898964	1.0330999014642026	1.0000044815421574	0.00044349718017493676	0.01001366874058526
394.0	1.0331652054924205	1.0331698183484412	1.0329616293909856	1.033282895196121	1.0000044938021782	0.00044647806528822826	0.01007055343492832
395.0	1.0333482990112925	1.0333529435426778	1.0331435716245403	1.033466515240541	1.000004505990791	0.0004494642696669749	0.010127609304277018
396.0	1.0335320196142883	1.03353669588776	1.0333261376852683	1.0336507630867502	1.0000045181071215	0.00045245559721770253	0.010184836262465797
397.0	1.0337163688014237	1.0337210768817855	1.0335093290756163	1.0338356402317788	1.000004530150293	0.0004554518535148716	0.010242234217960416
398.0	1.033901348080435	1.0339060880305067	1.0336931473056958	1.0340211481803505	1.0000045421194244	0.00045845283791854144	0.010299803082127126
399.0	1.0340869589668227	1.0340917308474222	1.0338775938933833	1.0342072884449636	1.0000045540136298	0.00046145834817604993	0.010357542764007854
400.0	1.0342732029838924	1.0342780068537891	1.034062670364353	1.0343940625459151	1.0000045658320167	0.00046446817754768966	0.010415453171455421
401.0	1.0344600816627993	1.0344649175786833	1.034248378252105	1.0345814720113629	1.0000045775736903	0.00046748211648605195	0.010473534207652289
402.0	1.0346475965425923	1.0346524645590183	1.034434719098001	1.0347695183773373	1.0000045892377463	0.00047049995015017754	0.010531785776669527
403.0	1.0348357491702556	1.034840649339633	1.0346216944513555	1.0349582031878295	1.0000046008232792	0.0004735214628316021	0.010590207778032141
404.0	1.0350245411007541	1.0350294734732794	1.0348093058694035	1.035147527994783	1.000004612329376	0.00047654643242138266	0.010648800112318259
405.0	1.0352139738970783	1.0352189385207446	1.03499755491744	1.0353374943582179	1.0000046237551188	0.00047957463785994886	0.010707562675769642
406.0	1.0354040491302876	1.0354090460507952	1.0351864431687712	1.0355281038461717	1.000004635099584	0.0004826058495513138	0.010766495367303827
407.0	1.0355947683795568	1.0355997976402973	1.0353759722047955	1.035719358034811	1.0000046463618453	0.00048563983655494164	0.010825598076842068
408.0	1.0357861332322205	1.035791194874229	1.0355661436150492	1.0359112585084729	1.0000046575409676	0.0004886763634155099	0.010884870698970192
409.0	1.0359781452838193	1.0359832393457733	1.0357569589972975	1.0361038068597226	1.0000046686360107	0.0004917151946907814	0.010944313123090129
410.0	1.0361708061381458	1.0361759326562616	1.0359484199574558	1.0362970046893158	1.000004679646031	0.000494756085138242	0.011003925242742954
411.0	1.0363641174072913	1.0363692764153365	1.0361405281097842	1.0364908536063666	1.000004690570078	0.0004977987908452911	0.011063706940022497
412.0	1.0365580807116923	1.0365632722409357	1.0363332850768432	1.036685355228316	1.0000047014071953	0.0005008430632099628	0.011123658103448314
413.0	1.0367526976801777	1.0367579217593101	1.0365266924895173	1.0368805111809611	1.0000047121564197	0.0005038886461624379	0.011183778617630766
414.0	1.0369479699500164	1.036953226605147	1.0367207519871195	1.037076323098576	1.0000047228167863	0.0005069352834539867	0.011244068362820403
415.0	1.0371438991669653	1.037149188421588	1.0369154652174721	1.0372727926239358	1.000004733387322	0.0005099827157041133	0.011304527220837806
416.0	1.0373404869853171	1.0373458088602499	1.0371108338368478	1.0374699214083234	1.0000047438670467	0.0005130306779219804	0.011365155071770288
417.0	1.0375377350679496	1.0375430895812756	1.037306859510069	1.037667711111587	1.0000047542549764	0.0005160788995988297	0.011425951797158666
418.0	1.0377356450863737	1.0377410322534428	1.0375035439106097	1.0378661634022606	1.0000047645501196	0.0005191271105133667	0.01148691726657236
419.0	1.037934218720784	1.037939638554125	1.0377008887205288	1.0380652799575107	1.00000477475148	0.0005221750322186659	0.011548051359717941
420.0	1.0381334576601078	1.0381389101694192	1.0378988956306279	1.0382650624632648	1.000004784858058	0.0005252223855377305	0.011609353949760813
421.0	1.0383333636020544	1.038338848794146	1.038097566340449	1.0384655126142246	1.0000047948688389	0.0005282688858825771	0.011670824907966726
422.0	1.0385339382531673	1.0385394561319012	1.0382969025583066	1.0386666321139033	1.0000048047828143	0.0005313142431542068	0.01173246410609405
423.0	1.0387351833288743	1.0387407338951415	1.0384969060013616	1.0388684226747171	1.0000048145989608	0.0005343581652339929	0.011794271410273723
424.0	1.0389371005535382	1.0389426838052254	1.0386975783957153	1.0390708860180322	1.0000048243162518	0.0005374003569828809	0.011856246692188863
425.0	1.039139691660509	1.0391453075924089	1.0388989214763455	1.039274023874144	1.0000048339336542	0.0005404405148826906	0.011918389819318493
426.0	1.0393429583921763	1.0393486069959836	1.039100936987274	1.03947783798244	1.0000048434501296	0.0005434783352071178	0.011980700653270749
427.0	1.0395469025000212	1.0395525837642654	1.0393036266815503	1.0396823300913671	1.0000048528646301	0.0005465135080003371	0.012043179060570761
428.0	1.0397515257446692	1.0397572396547072	1.0395069923213904	1.0398875019585547	1.0000048621761062	0.0005495457228509858	0.01210582490169413
429.0	1.0399568298959438	1.0399625764338234	1.0397110356780082	1.0400933553507332	1.0000048713834992	0.0005525746564039936	0.012168638044029357
430.0	1.0401628167329198	1.0401685958774163	1.0399157585319707	1.0402998920439719	1.0000048804857444	0.0005555999891114451	0.012231618343014793
431.0	1.0403694880439778	1.0403752997705342	1.0401211626730513	1.0405071138236277	1.0000048894817688	0.0005586213958826404	0.012294765656145835
432.0	1.040576845626858	1.0405826899074861	1.0403272499002905	1.0407150224843595	1.0000048983704966	0.0005616385423786993	0.012358079848112791
433.0	1.0407848912887165	1.0407907680920028	1.0405340220221515	1.0409236198302925	1.0000049071508414	0.0005646510950936584	0.012421560769236948
434.0	1.0409936268461792	1.0409995361372184	1.0407414808564852	1.0411329076750087	1.000004915821714	0.000567658714402154	0.012485208278433671
435.0	1.041203054125398	1.0412089958657424	1.0409496282306419	1.0413428878416002	1.0000049243820144	0.0005706610560605022	0.012549022231126448
436.0	1.0414131749621078	1.0414191491097002	1.0411584659814432	1.0415535621627159	1.0000049328306386	0.000573657769657064	0.01261300248043903
437.0	1.041623991201682	1.0416299977108308	1.0413679959553446	1.0417649324806766	1.0000049411664762	0.0005766485026709631	0.012677148878749071
438.0	1.0418355046991907	1.0418415435204937	1.0415782200083976	1.0419770006474578	1.0000049493884076	0.0005796328955745444	0.012741461277128104
439.0	1.0420477173194576	1.0420537883998051	1.041789140006428	1.042189768524851	1.000004957495308	0.0005826105893860068	0.01280593952638268
440.0	1.0422606309371174	1.0422667342195648	1.0420007578249022	1.0424032379843597	1.0000049654860454	0.0005855812132082808	0.012870583478411248
441.0	1.0424742474366762	1.0424803828604334	1.0422130753491663	1.042617410907407	1.0000049733594807	0.0005885443954472755	0.012935392981896235
442.0	1.0426885687125682	1.0426947362129524	1.0424260944744157	1.042832289185334	1.0000049811144642	0.0005914997602587183	0.013000367881809714
443.0	1.0429035966692168	1.0429097961775842	1.0426398171057782	1.0430478747194596	1.0000049887498454	0.0005944469255962371	0.013065508027908977
444.0	1.043119333221093	1.0431255646647803	1.04285424515832	1.0432641694211284	1.000004996264463	0.0005973855041143233	0.01313081326627348
445.0	1.043335780292777	1.043342043595069	1.0430693805572158	1.043481175211812	1.00000500365715	0.0006003151056876943	0.01319628344213407
446.0	1.0435529398190182	1.0435592348990779	1.0432852252376903	1.043698894023128	1.000005010926728	0.000603235333778309	0.013261918400782426
447.0	1.0437708137447963	1.043777140517596	1.0435017811451288	1.0439173277969043	1.0000050180720153	0.0006061457856787178	0.013327717985927443
448.0	1.043989404025384	1.0439957624016727	1.0437190502351439	1.0441364784852676	1.000005025091821	0.0006090460558391721	0.013393682040095046
449.0	1.0442087126264086	1.0442151025126578	1.043937034473657	1.0443563480507074	1.0000050319849494	0.0006119357339170506	0.013459810408302523
450.0	1.0444287415239142	1.0444351628222748	1.044155735836934	1.0445769384661252	1.0000050387501924	0.0006148144057414049	0.013526102929671753
451.0	1.044649492704426	1.0446559453126036	1.0443751563115784	1.0447982517148218	1.000005045386338	0.0006176816456253911	0.013592559452119925
452.0	1.0448709681650135	1.0448774519762798	1.0445952978947166	1.0450202897907104	1.000005051892165	0.0006205370293444206	0.013659179809389735
453.0	1.0450931699133545	1.045099684816451	1.0448161625939762	1.045243054698259	1.0000050582664457	0.0006233801238118448	0.01372596384562188
454.0	1.0453160999678002	1.0453226458469114	1.0450377524276195	1.045466548452627	1.0000050645079426	0.0006262104937825824	0.01379291140006349
455.0	1.0455397603574403	1.0455463370921052	1.045260069424508	1.0456907730796872	1.0000050706154113	0.000629027695954524	0.01386002231093195
456.0	1.045764153122169	1.0457707605872528	1.0454831156242723	1.0459157306161184	1.0000050765876003	0.0006318312847131223	0.013927296420507636
457.0	1.0459892803127513	1.0459959183783254	1.045706893077278	1.0461414231094115	1.0000050824232491	0.0006346208033910416	0.013994733566183366
458.0	1.0462151439908889	1.0462218125222476	1.0459314038447949	1.0463678526180518	1.0000050881210876	0.0006373957973145927	0.014062333583075579
459.0	1.0464417462292892	1.0464484450868408	1.0461566499989867	1.046595021211475	1.0000050936798415	0.0006401558018585739	0.014130096313611515
460.0	1.0466690891117316	1.0466758181509337	1.046382633622977	1.0468229309701673	1.0000050990982259	0.0006429003466396253	0.014198021595188348
461.0	1.0468971747331375	1.0469039338044617	1.046609356810966	1.0470515839857772	1.000005104374944	0.0006456289583467989	0.014266109261380817
462.0	1.0471260051996376	1.0471327941484905	1.046836821668271	1.0472809823611298	1.0000051095086997	0.0006483411565708015	0.01433435915269158
463.0	1.0473555826286431	1.0473624012953053	1.0470650303113782	1.0475111282103184	1.0000051144981787	0.0006510364555537116	0.014402771106783202
464.0	1.0475859091489148	1.0475927573684696	1.0472939848680407	1.047742023658766	1.0000051193420645	0.0006537143631810268	0.01447134495851711
465.0	1.0478169869006335	1.0478238645029112	1.047523687477323	1.0479736708433092	1.00000512403903	0.0006563743825180634	0.014540080545206193
466.0	1.0480488180354728	1.0480557248449944	1.0477541402896962	1.0482060719122672	1.0000051285877385	0.0006590160117342319	0.014608977702769787
467.0	1.0482814047166693	1.0482883405525543	1.047985345467075	1.0484392290254823	1.0000051329868476	0.0006616387406807696	0.014678036271745165
468.0	1.0485147491190956	1.0485217137950154	1.0482173051829178	1.048673144354437	1.0000051372350027	0.0006642420553086292	0.014747256084863785
469.0	1.0487488534293337	1.0487558467534597	1.0484500216223154	1.0489078200823299	1.0000051413308404	0.0006668254371050639	0.01481663697937708
470.0	1.048983719845748	1.0489907416206328	1.0486834969819612	1.0491432760200652	1.0000051452729937	0.0006693883567522838	0.014886178794376766
471.0	1.0492193505785594	1.0492264006011203	1.0489177334703845	1.0493795923066491	1.0000051490600785	0.0006719302838784861	0.014955881365516538
472.0	1.0494557478499213	1.0494628259113428	1.0491527333078732	1.049616676424658	1.0000051526907086	0.0006744506794039123	0.015025744528371411
473.0	1.0496929138939934	1.049700019779663	1.0493884987266178	1.0498545306036033	1.0000051561634848	0.0006769489986643451	0.015095768120886754
474.0	1.0499308509570187	1.0499379844464807	1.0496250319708245	1.050093157085051	1.0000051594769996	0.0006794246931135275	0.01516595198197156
475.0	1.0501695612973994	1.050176722164251	1.0498623352967085	1.0503325581226268	1.0000051626298352	0.0006818772049402109	0.015236295950707118
476.0	1.0504090471857757	1.0504162351975928	1.0501004109725964	1.0505727359821249	1.0000051656205673	0.0006843059697888236	0.015306799862069644
477.0	1.0506493109051016	1.0506565258234073	1.050339261279044	1.0508136929416356	1.00000516844776	0.0006867104209559184	0.015377463552148285
478.0	1.0508903547507251	1.0508975963308793	1.050578888508854	1.0510554312915443	1.000005171109967	0.0006890899817908554	0.015448286866081849
479.0	1.0511321810304666	1.0511394490216015	1.0508192949671726	1.0512979533346427	1.000005173605735	0.0006914440701267727	0.015519269638772733
480.0	1.0513747920646987	1.0513820862096475	1.0510604829716055	1.0515412613862234	1.0000051759335968	0.0006937720976157722	0.015590411711662887
481.0	1.0516181901864274	1.0516255102216854	1.0513024548522876	1.0517853577741754	1.000005178092081	0.0006960734728868553	0.01566171292217994
482.0	1.0518623777413725	1.0518697233969478	1.0515452129518577	1.0520302448389653	1.000005180079703	0.0006983475909782779	0.01573317311619131
483.0	1.0521073570880497	1.052114728087428	1.0517887596256692	1.0522759249338285	1.000005181894967	0.000700593844206051	0.015804792131143153
484.0	1.0523531305978533	1.0523605266579539	1.0520330972418714	1.052522400424848	1.0000051835363712	0.0007028116214546956	0.015876569807688853
485.0	1.0525997006551389	1.0526071214861774	1.0522782281813616	1.0527696736909267	1.000005185002398	0.0007050002991576742	0.015948505992757923
486.0	1.052847069657308	1.0528545149627386	1.0525241548379698	1.0530177471239797	1.000005186291526	0.0007071592489727336	0.016020600527307673
487.0	1.0530952400148919	1.053102709491361	1.0527708796185822	1.0532666231290104	1.0000051874022189	0.0007092878388680664	0.016092853255557878
488.0	1.0533442141516374	1.0533517074888643	1.0530184049430904	1.0535163041241347	1.0000051883329322	0.00071138542617555	0.01616526402040308
489.0	1.053593994504593	1.0536015113852795	1.0532667332445436	1.053766792540673	1.0000051890821116	0.0007134513603695045	0.016237832672260834
490.0	1.0538445835241943	1.053852123624001	1.0535158669692892	1.0540180908233339	1.0000051896481872	0.0007154849894024642	0.01631055905147799
491.0	1.0540959836743538	1.0541035466617819	1.053765808577013	1.054270201430186	1.0000051900295857	0.000717485650759932	0.01638344301300529
492.0	1.0543481974325468	1.0543557829688428	1.0540165605407503	1.054523126832782	1.0000051902247167	0.0007194526736476481	0.016456484398841738
493.0	1.0546012272899015	1.0546088350289837	1.054268125347081	1.0547768695162554	1.0000051902319833	0.0007213853810705945	0.016529683062639036
494.0	1.0548550757512885	1.054862705339698	1.054520505496207	1.0550314319794545	1.0000051900497777	0.0007232830921406761	0.016603038850371576
495.0	1.0551097453354106	1.0551173964121676	1.0547737035019469	1.0552868167349179	1.0000051896764768	0.000725145113185393	0.01667655161879677
496.0	1.0553652385748955	1.0553729107714422	1.0550277218919473	1.0555430263090744	1.0000051891104502	0.0007269707458905455	0.016750221218347093
497.0	1.0556215580163855	1.0556292509565401	1.0552825632077063	1.055800063242309	1.0000051883500536	0.0007287592884267816	0.01682404749790318
498.0	1.0558787062206325	1.0558864195204274	1.0555382300046554	1.056057930088988	1.0000051873936366	0.0007305100244406436	0.016898030325547646
499.0	1.05613668576259	1.056144419030222	1.0557947248522679	1.0563166294176278	1.0000051862395314	0.0007322222337588394	0.016972169545109373
500.0	1.0563954992315079	1.0564032520672633	1.0560520503341704	1.0565761638109707	1.0000051848860623	0.0007338951899190458	0.01704646501978593
501.0	1.0566551492310274	1.0566629212271328	1.0563102090481808	1.056836535866036	1.000005183331539	0.0007355281532494899	0.017120916611197592
502.0	1.0569156383792775	1.0569234291199008	1.0565692036065029	1.057097748194317	1.0000051815742605	0.0007371203850516501	0.017195524169966888
503.0	1.0571769693089712	1.0571847783700778	1.056829036635733	1.0573598034217782	1.0000051796125198	0.0007386711339114266	0.0172702875697331
504.0	1.0574391446675024	1.0574469716167392	1.0570897107769455	1.057622704188941	1.00000517744459	0.0007401796383464135	0.017345206668449832
505.0	1.0577021671170463	1.0577100115136764	1.0573512286858249	1.057886453151067	1.0000051750687338	0.0007416451316746852	0.017420281332143548
506.0	1.0579660393346566	1.0579739007294895	1.0576135930328328	1.0581510529782394	1.0000051724832055	0.0007430668415245587	0.017495511426306766
507.0	1.0582307640123663	1.0582386419476222	1.0578768065031634	1.058416506355385	1.0000051696862433	0.0007444439836589059	0.017570896820107443
508.0	1.058496343857289	1.058504237866523	1.058140871796948	1.0586828159824537	1.0000051666760748	0.000745775767661088	0.017646437384235995
509.0	1.0587627815917198	1.0587706911997017	1.0584057916292813	1.0589499845744674	1.0000051634509173	0.000747061392734648	0.01772213299032578
510.0	1.0590300799532393	1.0590380046759285	1.058671568730464	1.0592180148617267	1.0000051600089694	0.0007483000567395286	0.017797983507692326
511.0	1.059298241694816	1.0593061810391422	1.0589382058458288	1.0594869095896962	1.0000051563484254	0.000749490937839049	0.01787398881976177
512.0	1.059567269584911	1.0595752230487854	1.0592057057361828	1.0597566715193676	1.0000051524674596	0.0007506332162849962	0.017950148797342722
