1.0	1.000000197040245	1.0000000000000444	0.9999999999999721	1.0000000000001843	1.0	1.9704016177534304e-5	0.0
2.0	1.000000788162145	1.0000005911934862	1.0000005906775535	1.0000005917091113	1.0000000001450815	1.9696850369558257e-5	3.940800976653428e-5
3.0	1.0000017733691942	1.0000015765208392	1.0000015744596649	1.0000015785764413	1.0000000003912743	1.9684800586551846e-5	3.937465490656409e-5
4.0	1.0000031526672164	1.0000029559875832	1.0000029510099653	1.0000029609443373	1.0000000007380445	1.9667901318295565e-5	3.927657571088548e-5
5.0	1.000004926064365	1.0000047296010741	1.000004720101445	1.0000047390465923	1.0000000011849413	1.964623231829574e-5	3.9094294325158154e-5
6.0	1.0000070935711238	1.0000068973713463	1.0000068815805407	1.0000069130479337	1.0000000017315596	1.9619838578850653e-5	3.8815770335265005e-5
7.0	1.0000096552003057	1.0000094593108078	1.0000094353426403	1.0000094830680046	1.0000000023775277	1.9588760662182405e-5	3.8433392057564646e-5
8.0	1.0000126109670544	1.0000124154343135	1.0000123813168624	1.0000124491971243	1.0000000031224925	1.9553027506171485e-5	3.794234447282745e-5
9.0	1.0000159608888441	1.000015765758973	1.000015719455397	1.0000158115062987	1.0000000039661212	1.951267567535265e-5	3.733954823234781e-5
10.0	1.0000197049854798	1.0000195103043565	1.000019449727397	1.0000195700541772	1.0000000049080862	1.9467728710917985e-5	3.662305443044825e-5
11.0	1.0000238432790973	1.0000236490923	1.0000235721139803	1.0000237248913741	1.0000000059480663	1.9418216736914734e-5	3.579159272130571e-5
12.0	1.0000283757941646	1.000028182147042	1.0000280866056186	1.000028276063653	1.0000000070857473	1.9364162782445322e-5	3.484435338101227e-5
13.0	1.0000333025574812	1.0000331094951178	1.0000329931998362	1.0000332236138054	1.000000008320814	1.9305593417307442e-5	3.378079153095754e-5
14.0	1.0000386235981793	1.0000384311654194	1.0000382919000725	1.0000385675832162	1.000000009652955	1.9242532779041716e-5	3.260055308512084e-5
15.0	1.0000443389477238	1.0000441471892147	1.0000439827146452	1.0000443080127845	1.000000011081857	1.9175000707806465e-5	3.1303382024916084e-5
16.0	1.0000504486399138	1.0000502576000319	1.0000500656559093	1.000050444943504	1.0000000126072173	1.910302446977963e-5	2.9889084894470788e-5
17.0	1.0000569527108818	1.000056762433837	1.000056540740187	1.0000569784171598	1.000000014228722	1.9026620861065434e-5	2.8357522717764028e-5
18.0	1.0000638511990954	1.000063661728833	1.0000634079869248	1.0000639084764233	1.0000000159460685	1.8945816523734533e-5	2.6708554934583528e-5
19.0	1.0000711441453578	1.0000709555256455	1.0000706674189492	1.0000712351653072	1.0000000177589405	1.8860629405995844e-5	2.4942074415405864e-5
20.0	1.000078831592808	1.0000786438672227	1.0000783190620994	1.0000789585292513	1.0000000196670435	1.8771078775850616e-5	2.305796196707473e-5
21.0	1.0000869135869226	1.0000867267988038	1.000086362944946	1.0000870786152114	1.0000000216700633	1.8677188573553305e-5	2.105610165363374e-5
22.0	1.0000953901755154	1.000095204368049	1.0000947990990436	1.0000955954719468	1.0000000237676938	1.8578974378565514e-5	1.893638570350007e-5
23.0	1.000104261408739	1.0001040766248963	1.000103627558447	1.0001045091499141	1.000000025959632	1.847645788563442e-5	1.6698685868620607e-5
24.0	1.0001135273390855	1.0001133436216556	1.0001128483600092	1.0001138197014194	1.0000000282455699	1.8369657535232696e-5	1.4342883110166982e-5
25.0	1.0001231880213877	1.0001230054130021	1.0001224615431832	1.0001235271807154	1.0000000306252033	1.8258589312895575e-5	1.1868849592920183e-5
26.0	1.0001332435128192	1.0001330620559121	1.0001324671500154	1.0001336316439455	1.0000000330982302	1.8143273232113773e-5	9.27644890827365e-6
27.0	1.0001436938728967	1.0001435136097232	1.0001428652250208	1.0001441331492342	1.0000000356643408	1.8023727450727006e-5	6.565546421165829e-6
28.0	1.0001545391634798	1.0001543601361487	1.0001536558153377	1.0001550317567713	1.0000000383232288	1.789996687228459e-5	3.736005429803889e-6
29.0	1.0001657794487733	1.0001656016992262	1.000164838970584	1.000166327528764	1.0000000410745964	1.7772008474347826e-5	7.876763545061763e-7
30.0	1.000177414795327	1.000177238365336	1.000176414742849	1.0001780205294835	1.0000000439181356	1.763986953227289e-5	2.2795879867868775e-6
31.0	1.0001894452720386	1.0001892702032549	1.000188383186856	1.0001901108253237	1.0000000468535377	1.7503562402070262e-5	5.465936862456505e-6
32.0	1.000201870950153	1.0002016972840326	1.0002007443595482	1.0002025984846945	1.000000049880508	1.736310693043471e-5	8.771530994891318e-6
33.0	1.0002146919032648	1.0002145196811563	1.0002134983205622	1.000215483578287	1.000000052998734	1.721851418184494e-5	1.219651476468905e-5
34.0	1.0002279082073193	1.000227737470397	1.0002266451317907	1.0002287661788256	1.0000000562079188	1.7069801889853183e-5	1.574105943375421e-5
35.0	1.0002415199406143	1.000241350729953	1.0002401848577778	1.0002424463612536	1.0000000595077565	1.6916980337965556e-5	1.940531925460211e-5
36.0	1.0002555271838005	1.0002553595403374	1.0002541175653876	1.0002565242026884	1.0000000628979406	1.6760063659281695e-5	2.3189462949030095e-5
37.0	1.0002699300198834	1.0002697639844238	1.0002684433239557	1.000270999782407	1.000000066378168	1.659906537428989e-5	2.709365798961445e-5
38.0	1.0002847285342256	1.0002845641474547	1.0002831622052337	1.000285873181898	1.000000069948139	1.643399785810632e-5	3.11180698442424e-5
39.0	1.0002999228145468	1.0002997601170256	1.0002982742833713	1.000301144484889	1.0000000736075483	1.6264873916557964e-5	3.526286794675223e-5
40.0	1.0003155129509267	1.0003153519831174	1.0003137796350405	1.0003168137773004	1.0000000773560926	1.6091703789448858e-5	3.952822434175983e-5
41.0	1.0003314990358056	1.0003313398380853	1.0003296783393003	1.0003328811473469	1.0000000811934695	1.5914496393757798e-5	4.391431161926424e-5
42.0	1.000347881163987	1.0003477237765646	1.00034597047751	1.0003493466853732	1.0000000851193778	1.573326893489974e-5	4.842131108229767e-5
43.0	1.0003646594326385	1.0003645038956925	1.0003626561336334	1.0003662104841125	1.0000000891335126	1.5548024865009483e-5	5.304938606488713e-5
44.0	1.0003818339412938	1.0003816802948904	1.000379735393946	1.0003834726384666	1.000000093235571	1.535877583588963e-5	5.779872603684792e-5
45.0	1.0003994047918543	1.0003992530759742	1.0003972083471482	1.000401133245641	1.0000000974252508	1.5165530822441185e-5	6.266950651477554e-5
46.0	1.0004173720885918	1.0004172223431163	1.000415075084338	1.0004191924050885	1.0000001017022506	1.4968300206780299e-5	6.766190781761824e-5
47.0	1.0004357359381493	1.0004355882028846	1.0004333356990271	1.0004376502185697	1.0000001060662662	1.4767091916186614e-5	7.277610778534465e-5
48.0	1.000454496449543	1.0004543507642716	1.000451990287288	1.0004565067901936	1.0000001105169949	1.4561908804362799e-5	7.801228883620999e-5
49.0	1.0004736537341645	1.0004735101385513	1.0004710389473905	1.0004757622262446	1.0000001150541395	1.4352763077961915e-5	8.337064524517868e-5
50.0	1.0004932079057836	1.0004930664394351	1.0004904817801143	1.0004954166353741	1.0000001196773907	1.4139661048724492e-5	8.885135160428435e-5
51.0	1.0005131590805487	1.000513019783032	1.0005103188886524	1.000515470128569	1.000000124386449	1.392260715097084e-5	9.445459382790692e-5
52.0	1.0005335073769903	1.000533370287844	1.0005305503786956	1.0005359228191488	1.000000129181015	1.3701604718515732e-5	0.0001001805628479173
53.0	1.000554252916022	1.0005541180746886	1.00055117635816	1.0005567748226663	1.0000001340607796	1.3476663862989086e-5	0.00010602945221540844
54.0	1.0005753958209438	1.000575263266863	1.0005721969375372	1.0005780262570816	1.0000001390254465	1.324778536194596e-5	0.00011200144247618974
55.0	1.0005969362174432	1.0005968059899812	1.0005936122295813	1.000599677242631	1.0000001440747106	1.3014977081336815e-5	0.00011809672982062042
56.0	1.0006188742335982	1.0006187463721252	1.0006154223496533	1.0006217279019425	1.0000001492082755	1.2778239173519941e-5	0.00012431549900772756
57.0	1.0006412099998792	1.000641084543737	1.0006376274154438	1.0006441783599838	1.0000001544258297	1.2537574995692981e-5	0.0001306579480415116
58.0	1.0006639436491516	1.0006638206376437	1.000660227547017	1.0006670287440411	1.0000001597270787	1.229298893494288e-5	0.00013712427128175167
59.0	1.000687075316678	1.0006869547891046	1.000683222866903	1.000690279183784	1.0000001651117159	1.2044481881521738e-5	0.00014371466028660298
60.0	1.000710605140121	1.0007104871357608	1.0007066135000333	1.0007139298111958	1.000000170579439	1.1792056510157634e-5	0.00015042931284290465
61.0	1.0007345332595448	1.0007344178177064	1.000730399573855	1.0007379807607335	1.00000017612995	1.1535710468080176e-5	0.0001572684206940984
62.0	1.0007588598174186	1.000758746977359	1.000754581218022	1.0007624321690838	1.0000001817629418	1.1275449488514712e-5	0.0001642321913508544
63.0	1.0007835849586189	1.0007834747596653	1.000779158564942	1.0007872841754393	1.0000001874781141	1.1011267088527801e-5	0.0001713208120554733
64.0	1.0008087088304316	1.0008086013118598	1.000804131749145	1.0008125369212597	1.0000001932751628	1.0743169086648968e-5	0.00017853449389114355
65.0	1.0008342315825556	1.0008341267836989	1.000829500907741	1.0008381905504595	1.0000001991537903	1.047115030608703e-5	0.00018587342707216903
66.0	1.0008601533671044	1.0008600513273167	1.0008552661802788	1.0008642452093517	1.0000002051136896	1.0195209329415985e-5	0.00019333781832879575
67.0	1.0008864743386097	1.0008863750972485	1.0008814277086493	1.000890701046582	1.0000002111545585	9.915346412739903e-6	0.0002009278719133647
68.0	1.000913194654024	1.000913098250512	1.0009079856373322	1.000917558213245	1.0000002172760982	9.631555721013845e-6	0.0002086437871148528
69.0	1.000940314472723	1.000940220946507	1.0009349401131613	1.0009448168628448	1.0000002234780028	9.343835444599562e-6	0.00021648577190168028
70.0	1.0009678339565085	1.0009677433470812	1.0009622912853706	1.000972477151264	1.0000002297599673	9.052181720605547e-6	0.00022445403309213704
71.0	1.000995753269612	1.0009956656164822	1.0009900393056257	1.0010005392367551	1.000000236121694	8.75659357985945e-6	0.000232548776109401
72.0	1.0010240725786974	1.0010239879214937	1.0010181843282449	1.0010290032801323	1.0000002425628784	8.457059726204252e-6	0.00024077020078813242
73.0	1.0010527920528631	1.0010527104312217	1.0010467265097096	1.0010578694444723	1.0000002490832172	8.153580120212111e-6	0.00024911853021035543
74.0	1.0010819118636463	1.0010818333173068	1.0010756660091842	1.0010871378953625	1.0000002556824064	7.84614510578674e-6	0.00025759396345534407
75.0	1.001111432185025	1.0011113567537848	1.0011050029881992	1.0011168088008333	1.0000002623601434	7.534749651029315e-6	0.0002661967160367943
76.0	1.0011413531934223	1.0011412809171463	1.0011347376107032	1.0011468823312777	1.0000002691161256	7.219387736272699e-6	0.0002749270002923733
77.0	1.0011716750677089	1.00117160598635	1.0011648700431612	1.0011773586595913	1.0000002759500477	6.900051267516661e-6	0.0002837850248285354
78.0	1.0012023979892057	1.0012023321428116	1.0011954004545203	1.001208237961089	1.0000002828616055	6.576731562693364e-6	0.00029277100598613796
79.0	1.0012335221416886	1.0012334595703924	1.0012263290161698	1.0012395204135305	1.0000002898505016	6.249420815491166e-6	0.0003018851581907583
80.0	1.0012650477113902	1.0012649884554425	1.0012576559019686	1.0012712061971576	1.000000296916425	5.918108081333269e-6	0.0003111276953267566
81.0	1.0012969748870049	1.001296918986746	1.0012893812882622	1.0013032954946315	1.0000003040590741	5.582785154481033e-6	0.0003204988389635979
82.0	1.0013293038596902	1.0013292513555563	1.001321505353801	1.0013357884910696	1.0000003112781453	5.24344326357485e-6	0.00032999880294130136
83.0	1.0013620348230723	1.001361985755644	1.0013540282799775	1.0013686853741202	1.0000003185733357	4.900068769965145e-6	0.00033962780314962277
84.0	1.001395167973248	1.0013951223832156	1.0013869502505472	1.001401986333834	1.000000325944338	4.552651527983553e-6	0.00034938606557569015
85.0	1.0014287035087892	1.0014286614369723	1.0014202714517655	1.0014356915627665	1.0000003333908491	4.2011794520933245e-6	0.00035927380661108306
86.0	1.001462641630746	1.0014626031180873	1.0014539920723877	1.001469801255968	1.000000340912562	3.8456410670546185e-6	0.0003692912497925561
87.0	1.0014969825426503	1.001496947630236	1.0014881123036725	1.0015043156109098	1.000000348509177	3.4860229138422834e-6	0.00037943861788417043
88.0	1.0015317264505204	1.001531695179601	1.0015226323394646	1.0015392348276433	1.0000003561803847	3.1223094170257463e-6	0.0003897161313685035
89.0	1.001566873562863	1.0015668459748033	1.0015575523759115	1.001574559108616	1.00000036392588	2.7544900238582815e-6	0.00040012402017389654
90.0	1.001602424090679	1.0016024002270283	1.001592872611883	1.001610288658862	1.0000003717453583	2.382547210066747e-6	0.00041066250338632503
91.0	1.0016383782474654	1.0016383581499178	1.0016285932486295	1.0016464236858613	1.0000003796385137	2.0064674100519052e-6	0.00042133181250506393
92.0	1.001674736249221	1.0016747199596476	1.001664714489972	1.0016829643996266	1.000000387605043	1.6262338340371235e-6	0.0004321321722638403
93.0	1.0017114983144493	1.0017114858748604	1.00170123654215	1.0017199110126302	1.0000003956446308	1.2418334955159453e-6	0.00044306381333253164
94.0	1.0017486646641618	1.0017486561167945	1.0017381596141455	1.0017572637399836	1.0000004037569818	8.532446870075222e-7	0.0004541269579952225
95.0	1.0017862355218836	1.0017862309091168	1.0017754839172315	1.0017950227991586	1.000000411941783	4.604542038614492e-7	0.0004653218473254458
96.0	1.0018242111136568	1.0018242104780837	1.0018132096653702	1.0018331884102984	1.0000004201987311	6.344158412371822e-8	0.0004766487025702912
97.0	1.0018625916680441	1.0018625950524416	1.0018513370749509	1.0018717607959722	1.0000004285275168	3.378105398005684e-7	0.00048810776320821705
98.0	1.0019013774161334	1.0019013848634695	1.0018898663649827	1.0019107401813319	1.0000004369278312	7.433202757304384e-7	0.0004996992574673265
99.0	1.0019405685915423	1.0019405801450127	1.0019287977570461	1.0019501267940845	1.0000004453993676	1.1531093524683102e-6	0.0005114234197677776
100.0	1.0019801654304221	1.0019801811333933	1.0019681314751196	1.0019899208644063	1.00000045394182	1.567193811553061e-6	0.0005232804887025264
101.0	1.0020201681714618	1.0020201880675617	1.0020078677459134	1.0020301226251238	1.0000004625548804	1.9855987444886535e-6	0.0005352706913676247
102.0	1.0020605770558928	1.002060601188944	1.0020480067985973	1.0020707323115596	1.0000004712382384	2.4083425359317266e-6	0.000547394272901824
103.0	1.0021013923274933	1.002101420741549	1.0020885488649325	1.0021117501616017	1.000000479991588	2.835447190520512e-6	0.0005596514672320418
104.0	1.002142614232593	1.0021426469719434	1.0021294941792582	1.0021531764156937	1.0000004888146157	3.266935252218684e-6	0.0005720425120306902
105.0	1.0021842430200771	1.0021842801292247	1.002170842978374	1.0021950113168474	1.0000004977070143	3.7028268794971437e-6	0.0005845676471403491
106.0	1.0022262789413907	1.0022263204651194	1.0022125955018704	1.0022372551107095	1.0000005066684785	4.143149062263344e-6	0.0005972271068394074
107.0	1.0022687222505444	1.002268768233872	1.0022547519917648	1.0022799080454456	1.0000005156986922	4.587924033670343e-6	0.0006100211405123917
108.0	1.0023115732041183	1.0023116236923222	1.0022973126927373	1.0023229703718288	1.0000005247973465	5.037176581580067e-6	0.0006229499863484205
109.0	1.002354832061266	1.002354887099857	1.0023402778519321	1.0023664423431782	1.0000005339641342	5.490928886419633e-6	0.0006360138876246137
110.0	1.0023984990837214	1.0023985587185116	1.0023836477192831	1.0024103242154758	1.0000005431987402	5.949209847341192e-6	0.0006492130835990137
111.0	1.002442574535801	1.0024426388128294	1.002427422547139	1.0024546162472407	1.0000005525008584	6.412040948709451e-6	0.0006625478224904654
112.0	1.0024870586844108	1.0024871276500396	1.002471602590638	1.0024993186996574	1.000000561870173	6.879453272330164e-6	0.000676018343245581
113.0	1.0025319517990496	1.002532025499881	1.0025161881073321	1.0025444318364745	1.0000005713063689	7.3514695771546495e-6	0.0006896248974891036
114.0	1.0025772541518159	1.0025773326347636	1.002561179357602	1.0025899559240832	1.0000005808091434	7.828119715592195e-6	0.0007033677275263786
115.0	1.0026229660174109	1.0026230493296904	1.0026065766043368	1.0026358912315025	1.0000005903781777	8.309432592648688e-6	0.000717247080518041
116.0	1.0026690876731443	1.0026691758622197	1.0026523801129739	1.0026822380303189	1.0000006000131583	8.795431759078507e-6	0.0007312632092747454
117.0	1.0027156193989404	1.002715712512648	1.0026985901517873	1.0027289965948671	1.0000006097137724	9.286153105805126e-6	0.0007454163530985882
118.0	1.0027625614773417	1.0027626595637527	1.0027452069914913	1.0027761672019664	1.0000006194797109	9.781618776123361e-6	0.000759706772993939
119.0	1.0028099141935152	1.0028100173010595	1.0027922309055806	1.002823750131207	1.0000006293106571	1.028186327448267e-5	0.0007741347058023121
120.0	1.002857677835257	1.0028577860126653	1.0028396621701299	1.002871745664764	1.00000063920629	1.0786915307658556e-5	0.0007887004093984964
121.0	1.0029058526929981	1.0029059659893298	1.002887501063934	1.0029201540874726	1.000000649166304	1.1296806309931273e-5	0.000803404132660699
122.0	1.0029544390598097	1.0029545575244514	1.0029357478684078	1.0029689756868736	1.0000006591903783	1.1811567608488207e-5	0.000818246125478306
123.0	1.0030034372314087	1.003003560914098	1.002984402867642	1.003018210753133	1.0000006692782029	1.2331232836338921e-5	0.0008332266443069441
124.0	1.0030528475061624	1.0030529764569502	1.0030334663483889	1.0030678595790874	1.0000006794294518	1.2855831888229185e-5	0.0008483459426459235
125.0	1.0031026701850951	1.0031028044543764	1.0030829386000797	1.0031179224602331	1.0000006896438185	1.3385397650686892e-5	0.0008636042711922573
126.0	1.0031529055718935	1.0031530452104171	1.0031328199148337	1.0031683996947893	1.0000006999209794	1.3919964031142434e-5	0.0008790018817577271
127.0	1.0032035539729116	1.0032036990317907	1.0031831105874955	1.003219291583668	1.00000071026062	1.4459565913246431e-5	0.0008945390311847452
128.0	1.003254615697177	1.0032547662278781	1.003233810915578	1.003270598430457	1.0000007206624226	1.500423707601104e-5	0.0009102159760313672
129.0	1.003306091056397	1.0033062471107563	1.003284921199319	1.003322320541447	1.000000731126066	1.5554012960338373e-5	0.0009260329724590494
130.0	1.0033579803649628	1.0033581419951756	1.0033364417416644	1.0033744582256114	1.0000007416512353	1.6108927813639335e-5	0.0009419902769834513
131.0	1.0034102839399577	1.003410451198599	1.0033883728482038	1.0034270117946822	1.0000007522376098	1.6669018053582147e-5	0.0009580881434851091
132.0	1.0034630021011615	1.0034631750411742	1.0034407148273614	1.0034799815630744	1.0000007628848677	1.7234318793287512e-5	0.0009743268322812685
133.0	1.0035161351710564	1.003516313845794	1.0034934679902552	1.003533367847976	1.0000007735926935	1.7804869439544436e-5	0.0009907065978857466
134.0	1.0035696834748338	1.0035698679380198	1.0035466326506959	1.0035871709692537	1.0000007843607601	1.8380705305938318e-5	0.0010072277045195263
135.0	1.0036236473403997	1.003623837646131	1.0036002091252039	1.0036413912494893	1.0000007951887502	1.896186203862152e-5	0.0010238904073662054
136.0	1.0036780270983814	1.0036782233012005	1.0036541977332214	1.0036960290141306	1.000000806076344	1.9548382429963948e-5	0.0010406949608471007
137.0	1.0037328230821332	1.0037330252369578	1.0037085987968086	1.0037510845912414	1.0000008170232144	2.0140302280545684e-5	0.001057641633464119
138.0	1.003788035627743	1.0037882437899013	1.0037634126407657	1.0038065583117417	1.00000082802904	2.0737660819710514e-5	0.00107473067958903
139.0	1.0038436650740385	1.0038438792992785	1.003818639592735	1.003862450509245	1.0000008390935007	2.1340498271302564e-5	0.0010919623634441616
140.0	1.0038997117625934	1.0038999321070685	1.0038742799831146	1.0039187615201668	1.0000008502162674	2.1948853309605434e-5	0.001109336943636435
141.0	1.0039561760377338	1.0039564025580434	1.0039303341451045	1.0039754916837016	1.00000086139702	2.2562768677292098e-5	0.0011268546801022057
142.0	1.004013058246545	1.0040132909996946	1.0039868024146117	1.0040326413418108	1.000000872635435	2.3182283111850406e-5	0.0011445158372014735
143.0	1.0040703587388782	1.0040705977822997	1.004043685130427	1.004090210839251	1.0000008839311811	2.38074373395353e-5	0.001162320674979139
144.0	1.004128077867356	1.0041283232589426	1.0041009826341443	1.004148200523612	1.000000895283936	2.443827555619042e-5	0.001180269453587183
145.0	1.0041862159873804	1.0041864677854597	1.0041586952701322	1.0042066107452405	1.0000009066933726	2.5074839234714638e-5	0.0011983624406243752
146.0	1.0042447734571387	1.004245031720467	1.0042168233855155	1.0042654418573018	1.0000009181591654	2.5717169270371318e-5	0.0012165998971797605
147.0	1.00430375063761	1.0043040154254057	1.0042753673304097	1.0043246942157842	1.000000929680984	2.636530984988416e-5	0.0012349820845542492
148.0	1.0043631478925734	1.004363419264505	1.0043343274576015	1.0043843681795144	1.000000941258501	2.701930394023114e-5	0.0012535092641480208
149.0	1.0044229655886132	1.0044232436048428	1.0043937041228552	1.0044444641101715	1.000000952891386	2.767919881546356e-5	0.001272181703759553
150.0	1.0044832040951268	1.0044834888162122	1.0044534976845838	1.0045049823721552	1.0000009645793098	2.8345031974091174e-5	0.001290999670242246
151.0	1.0045438637843318	1.0045441552713545	1.0045137085043094	1.0045659233328637	1.0000009763219462	2.9016853643699732e-5	0.0013099634154219663
152.0	1.004604945031272	1.0046052433457675	1.0045743369462141	1.0046272873624673	1.0000009881189584	2.9694707061303e-5	0.001329073213079188
153.0	1.0046664482138261	1.0046667534177873	1.0046353833773976	1.004689074833988	1.0000009999700172	3.037863579077846e-5	0.0013483293257648078
154.0	1.0047283737127137	1.0047286858686422	1.004696848167906	1.0047512861233665	1.0000010118747955	3.106868847404479e-5	0.00136773201377449
155.0	1.004790721911503	1.0047910410823813	1.0047587316906432	1.004813921609385	1.0000010238329557	3.176491096217145e-5	0.0013872815461310915
156.0	1.0048534931966178	1.0048538194459025	1.00482103432134	1.004876981673693	1.0000010358441644	3.246734841524755e-5	0.001406978186414888
157.0	1.004916687957345	1.0049170213490062	1.0048837564387243	1.0049404667008628	1.0000010479080839	3.317604983201572e-5	0.0014268221978015142
158.0	1.0049803065858425	1.0049806471843235	1.0049468984243333	1.00500437707834	1.0000010600243892	3.389106022700658e-5	0.0014468138466173619
159.0	1.005044349477146	1.0050446973474076	1.0050104606626857	1.0050687131964962	1.0000010721927353	3.461242898272658e-5	0.0014669533946700423
160.0	1.0051088170291766	1.005109172236667	1.0050744435411856	1.0051334754485761	1.0000010844127947	3.5340202403163156e-5	0.0014872411100953326
161.0	1.005173709642749	1.0051740722534463	1.0051388474502536	1.0051986642308084	1.0000010966842252	3.6074431092651635e-5	0.001507677252971641
162.0	1.0052390277215788	1.0052393978019585	1.0052036727831444	1.0052642799422826	1.000001109006689	3.681516231154294e-5	0.001528262092882109
163.0	1.0053047716722898	1.005305149289362	1.0052689199361005	1.0053303229850823	1.00000112137985	3.756244702289244e-5	0.0015489958909515942
164.0	1.0053709419044226	1.0053713271257037	1.0053345893083647	1.0053967937641888	1.0000011338033696	3.8316333309423895e-5	0.0015698789160151017
165.0	1.005437538830442	1.005437931723965	1.0054006813020693	1.005463692687545	1.0000011462769063	3.9076870305248444e-5	0.0015909114291973701
166.0	1.005504562865745	1.0055049635000843	1.0054671963223876	1.005531020166079	1.0000011588001185	3.984410952024599e-5	0.0016120936933213374
167.0	1.005572014428669	1.0055724228729095	1.0055341347774043	1.0055987766136294	1.0000011713726746	4.0618099406990875e-5	0.00163342597557745
168.0	1.0056398939404994	1.0056403102642901	1.005601497078264	1.0056669624471168	1.0000011839942184	4.139889370773962e-5	0.001654908534801409
169.0	1.0057082018254777	1.0057086260989885	1.0056692836390906	1.0057355780863442	1.0000011966644178	4.2186541782035006e-5	0.0016765416438857667
170.0	1.0057769385108108	1.0057773708047855	1.0057374948770597	1.0058046239541671	1.000001209382927	4.298109829970367e-5	0.0016983255613363267
171.0	1.0058461044266778	1.0058465448123144	1.0058061312121285	1.005874100476336	1.0000012221493981	4.3782605975811856e-5	0.0017202605553385778
172.0	1.0059157000062389	1.005916148555384	1.0058751930676606	1.0059440080817845	1.0000012349634897	4.459112678698955e-5	0.0017423468765778432
173.0	1.0059857256856441	1.0059861824706562	1.0059446808697774	1.0060143472023375	1.0000012478248572	4.5406709098785446e-5	0.0017645848025005305
174.0	1.0060561819040414	1.0060566469978236	1.0060145950476755	1.0060851182728618	1.0000012607331488	4.6229404532213216e-5	0.0017869745910178822
175.0	1.0061270691035848	1.0061275425796083	1.0060849360337292	1.0061563217312792	1.0000012736880237	4.705926696923851e-5	0.0018095165022941424
176.0	1.0061983877294438	1.0061988696617328	1.0061557042632212	1.0062279580185542	1.00000128668913	4.789634875607222e-5	0.0018322107992731628
177.0	1.0062701382298116	1.006270628692973	1.0062269001746587	1.0063000275787166	1.0000012997361207	4.874070518286143e-5	0.0018550577440343934
178.0	1.0063423210559135	1.0063428201251037	1.0062985242094773	1.0063725308588187	1.0000013128286434	4.959238817191088e-5	0.0018780576012109793
179.0	1.0064149366620163	1.006415444412975	1.0063705768123636	1.0064454683090316	1.0000013259663492	5.0451452985745006e-5	0.0019012106286537263
180.0	1.0064879855054367	1.0064885020144756	1.006443058430893	1.0065188403825502	1.0000013391488873	5.1317953747176664e-5	0.0019245170903598365
181.0	1.0065614680465507	1.0065619933905274	1.0065159695159136	1.006592647535677	1.0000013523759017	5.21919419173179e-5	0.001947977245658921
182.0	1.0066353847488014	1.006635919005187	1.0065893105213757	1.0066668902278497	1.0000013656470466	5.3073475626851236e-5	0.001971591350248847
183.0	1.0067097360787105	1.0067102793255325	1.006663081904236	1.0067415689215609	1.000001378961959	5.396260734373108e-5	0.001995359669628423
184.0	1.006784522505884	1.0067850748217657	1.006737284124764	1.0068166840824166	1.000001392320291	5.48593933806186e-5	0.0020192824607407935
185.0	1.006859744503025	1.0068603059671917	1.0068119176462846	1.0068922361792296	1.0000014057216835	5.576389062929816e-5	0.002043359979185947
186.0	1.00693540254594	1.0069359732381538	1.0068869829351805	1.0069682256838024	1.0000014191657778	5.6676149459575234e-5	0.002067592491304298
187.0	1.00701149711355	1.0070120771142244	1.0069624804612092	1.0070446530712194	1.0000014326522209	5.7596231625928014e-5	0.002091980244004244
188.0	1.0070880286878996	1.0070886180779914	1.0070384106970858	1.0071215188196323	1.0000014461806526	5.852418806039197e-5	0.0021165235033096855
189.0	1.0071649977541657	1.0071655966152622	1.0071147741189184	1.0071988234104077	1.0000014597507119	5.946007832138583e-5	0.0021412225192726218
190.0	1.007242404800668	1.00724301321494	1.007191571205857	1.0072765673280404	1.000001473362039	6.0403957275061544e-5	0.0021660775525864416
191.0	1.007320250318879	1.007320868369088	1.0072688024402803	1.007354751060216	1.0000014870142697	6.13558804973641e-5	0.0021910888574953893
192.0	1.0073985348034313	1.0073991625729608	1.0073464683079063	1.007433375097847	1.0000015007070473	6.23159065437256e-5	0.0022162566862692205
193.0	1.0074772587521306	1.0074778963249402	1.0074245692974508	1.0075124399349866	1.0000015144400067	6.328408945411789e-5	0.0022415812954833456
194.0	1.0075564226659635	1.0075570701266365	1.0075031059010646	1.0075919460689595	1.0000015282127805	6.426048790025745e-5	0.002267062937067273
195.0	1.0076360270491078	1.0076366844828295	1.0075820786140715	1.0076718940002733	1.0000015420250057	6.524515837430022e-5	0.002292701864738514
196.0	1.0077160724089427	1.007716739901513	1.0076614879350636	1.0077522842326594	1.0000015558763151	6.623815860473187e-5	0.0023184983302759234
197.0	1.0077965592560592	1.0077972368938857	1.007741334365893	1.0078331172731207	1.0000015697663467	6.7239545550595e-5	0.0023444525841790314
198.0	1.0078774881042691	1.0078781759743425	1.0078216184116355	1.007914393631876	1.000001583694722	6.824937370510618e-5	0.0023705648784863587
199.0	1.007958859470617	1.0079595576605704	1.0079023405807201	1.0079961138224312	1.0000015976610779	6.926770342335468e-5	0.002396835457938187
200.0	1.008040673875389	1.0080413824734737	1.007983501384953	1.0080782783615736	1.0000016116650452	7.029459257126006e-5	0.0024232645751991098
201.0	1.0081229318421236	1.0081236509372058	1.0080651013393265	1.008160887769368	1.0000016257062494	7.133009868476537e-5	0.002449852477812231
202.0	1.0082056338976229	1.0082063635791485	1.0081471409620661	1.0082439425691048	1.000001639784318	7.23742757541897e-5	0.0024765994158640506
203.0	1.0082887805719616	1.0082895209300493	1.00822962077501	1.008327443287494	1.0000016538988798	7.342718693202529e-5	0.002503505629361495
204.0	1.0083723723984992	1.0083731235238456	1.008312541303092	1.0084113904544585	1.000001668049562	7.44888859438741e-5	0.0025305713696162587
205.0	1.0084564099138897	1.0084571718978235	1.0083959030746799	1.0084957846033036	1.0000016822359794	7.555943184427033e-5	0.0025577968773066425
206.0	1.008540893658093	1.0085416665925893	1.0084797066216173	1.0085806262706702	1.000001696457767	7.663888505119034e-5	0.0025851823973633216
207.0	1.0086258241743848	1.008626608151986	1.008563952478872	1.0086659159964695	1.0000017107145396	7.772729809903371e-5	0.002612728176147087
208.0	1.008711202009369	1.0087119971232945	1.0086486411851066	1.0087516543240849	1.0000017250059199	7.882473437443582e-5	0.002640434446916807
209.0	1.008797027712987	1.0087978340570525	1.0087337732821384	1.0088378418001822	1.000001739331527	7.993124913801529e-5	0.002668301457853646
210.0	1.0088833018385304	1.008884119507157	1.008819349315247	1.0089244789748137	1.0000017536909873	8.104689859518552e-5	0.0026963294470490956
211.0	1.0089700249426508	1.0089708540309181	1.0089053698332535	1.0090115664014936	1.0000017680839062	8.217174414279591e-5	0.0027245186475022636
212.0	1.0090571975853722	1.0090580381889631	1.0089918353882539	1.0090991046370383	1.0000017825099063	8.330584162805353e-5	0.0027528693047470967
213.0	1.0091448203301017	1.0091456725453425	1.009078746535959	1.009187094241766	1.0000017969686048	8.444925085599001e-5	0.002781381650196958
214.0	1.0092328937436408	1.0092337576674677	1.0091661038353599	1.0092755357793586	1.0000018114596094	8.560202826097274e-5	0.0028100559215004537
215.0	1.0093214183961974	1.0093222941261504	1.0092539078489906	1.0093644298169397	1.000001825982539	8.676422961376909e-5	0.0028388923541765435
216.0	1.0094103948613973	1.0094112824956776	1.0093421591429543	1.009453776925121	1.0000018405370041	8.793591633478295e-5	0.002867891175474661
217.0	1.009499823716295	1.009500723353705	1.0094308582866487	1.009543577677921	1.0000018551226129	8.911714383360982e-5	0.0028970526234695427
218.0	1.0095897055413876	1.0095906172813458	1.0095200058531864	1.0096338326528662	1.0000018697389776	9.030796898916855e-5	0.0029263769258728875
219.0	1.0096800409206235	1.0096809648632084	1.0096096024191261	1.009724542430997	1.000001884385706	9.150845291965877e-5	0.0029558643092280575
220.0	1.0097708304414172	1.009771766687286	1.0096996485644862	1.0098157075967327	1.000001899062401	9.271864868813397e-5	0.002985515010695863
221.0	1.0098620746946598	1.0098630233451198	1.0097901448728954	1.009907328738138	1.000001913768673	9.39386163453179e-5	0.0030153292481638
222.0	1.0099537742747315	1.009954735431735	1.0098810919315617	1.0099994064467341	1.0000019285041248	9.516841542901798e-5	0.0030453072540024754
223.0	1.0100459297795137	1.0100469035455701	1.009972490331166	1.0100919413175156	1.0000019432683578	9.640809667618606e-5	0.0030754492548301445
224.0	1.0101385418104014	1.01013952828869	1.0100643406660306	1.0101849339491262	1.000001958060976	9.765772196391395e-5	0.003105755462675637
225.0	1.0102316109723155	1.0102326102665944	1.0101566435340883	1.0102783849436736	1.000001972881577	9.891734410476233e-5	0.0031362261101084256
226.0	1.0103251378737153	1.0103261500884022	1.010249399536847	1.0103722949069283	1.0000019877297617	0.00010018702386120936	0.003166861408531888
227.0	1.0104191231266106	1.0104201483667223	1.0103426092794645	1.0104666644481737	1.0000020026051306	0.00010146681592126472	0.0031976615853102986
228.0	1.0105135673465753	1.0105146057177368	1.0104362733706207	1.010561494180286	1.000002017507277	0.00010275677586652884	0.0032286268555644583
229.0	1.0106084711527592	1.0106095227612	1.0105303924227993	1.0106567847197747	1.0000020324357985	0.00010405695883118557	0.003259757435227204
230.0	1.0107038351679014	1.010704900120512	1.0106249670520784	1.010752536686799	1.0000020473902822	0.00010536742549949429	0.003291053535590993
231.0	1.0107996600183424	1.0108007384225637	1.0107199978781245	1.010848750705045	1.0000020623703312	0.00010668822556150245	0.0033225153812128337
232.0	1.0108959463340388	1.0108970382979465	1.010815485524379	1.010945427401938	1.0000020773755294	0.00010801941700330021	0.0033541431708919997
233.0	1.010992694748574	1.010993800380858	1.0109114306180065	1.011042567408555	1.0000020924054651	0.00010936105571422277	0.003385937121521297
234.0	1.0110899058991731	1.0110910253091112	1.0110078337897963	1.0111401713595805	1.0000021074597334	0.00011071319489455791	0.0034178974422036626
235.0	1.011187580426716	1.0111887137242013	1.0111046956743384	1.0112382398934705	1.0000021225379188	0.00011207589048031997	0.003450024338316456
236.0	1.0112857189757507	1.0112868662712777	1.0112020169098999	1.0113367736523136	1.0000021376396033	0.00011344919694786334	0.0034823180179438416
237.0	1.0113843221945058	1.0113854835991638	1.011299798138556	1.0114357732819361	1.0000021527643728	0.00011483316801678858	0.003514778686252592
238.0	1.0114833907349052	1.0114845663603678	1.0113980400060283	1.0115352394318775	1.0000021679118105	0.00011622785636458738	0.0035474065434046988
239.0	1.0115829252525814	1.0115841152111233	1.0114967431619903	1.0116351727554105	1.0000021830815002	0.00011763331628278833	0.0035802017930751063
240.0	1.0116829264068896	1.011684130811372	1.0115959082597903	1.0117355739095824	1.000002198273016	0.00011904960051530162	0.003613164629057214
241.0	1.0117833948609205	1.0117846138247946	1.0116955359566406	1.0118364435552114	1.0000022134859379	0.00012047676214618373	0.003646295253987166
242.0	1.0118843312815156	1.011885564918821	1.011795626913521	1.011937782356868	1.0000022287198491	0.00012191485402858986	0.003679593863930528
243.0	1.01198573633928	1.0119869847646417	1.0118961817953644	1.0120395909829427	1.0000022439743155	0.00012336392865289545	0.0037130606531449893
244.0	1.0120876107085979	1.0120888740371958	1.011997201270767	1.0121418701056057	1.0000022592489135	0.00012482403544800317	0.0037466958140122204
245.0	1.0121899550676454	1.012191233415264	1.0120986860124284	1.0122446204008857	1.0000022745432207	0.00012629522870182016	0.003780499536839458
246.0	1.0122927700984061	1.0122940635813753	1.0122006366966498	1.0123478425485848	1.0000022898567997	0.00012777755678846067	0.0038144720117872814
247.0	1.0123960564866847	1.012397365221905	1.0123030540038007	1.012451537232442	1.0000023051892257	0.0001292710705272204	0.0038486134248980532
248.0	1.0124998149221223	1.012501139027075	1.012405938618251	1.0125557051400371	1.0000023205400632	0.00013077582171166057	0.0038829239630727495
249.0	1.0126040460982098	1.0126053856909454	1.0125092912281013	1.012660346962814	1.0000023359088797	0.00013229186085017132	0.003917403809397038
250.0	1.0127087507123045	1.0127101059113681	1.0126131125254119	1.0127654633960517	1.0000023512952394	0.00013381923111476285	0.003952053152899059
251.0	1.012813929465643	1.0128153003901936	1.0127174032062964	1.0128710551390654	1.0000023666987008	0.00013535798735223403	0.003986872160829147
252.0	1.0129195830633582	1.0129209698330564	1.012822163970793	1.0129771228949846	1.0000023821188335	0.00013690817330159593	0.004021861022010453
253.0	1.0130257122144926	1.0130271149496097	1.0129273955229918	1.013083667371003	1.00000239755519	0.00013846984338695934	0.004057019904956365
254.0	1.013132317632014	1.013133736453275	1.013033098570802	1.0131906892780833	1.000002413007329	0.00014004303647737273	0.004092348996630253
255.0	1.0132394000328313	1.0132408350615478	1.013139273826343	1.0132981893313457	1.0000024284748106	0.00014162780449287072	0.004127848454699846
256.0	1.0133469601378102	1.0133484114958238	1.0132459220057217	1.0134061682498292	1.0000024439571826	0.0001432241937501367	0.004163518458564699
257.0	1.013454998671787	1.0134564664814338	1.0133530438289358	1.0135146267564952	1.0000024594540038	0.0001448322470027287	0.00419935917833761
258.0	1.0135635163635854	1.0135650007477188	1.0134606400202124	1.0136235655784354	1.0000024749648246	0.00014645200911664699	0.004235370776775153
259.0	1.0136725139460334	1.0136740150280552	1.0135687113078402	1.0137329854467512	1.0000024904891904	0.0001480835280765071	0.004271553416506969
260.0	1.0137819921559763	1.0137835100597612	1.0136772584241556	1.0138428870965384	1.0000025060266535	0.00014972684429505627	0.0043079072681604805
261.0	1.013891951734295	1.0138934865842266	1.0137862821055894	1.0139532712670003	1.0000025215767578	0.00015138200169844483	0.004344432486042235
262.0	1.014002393425921	1.0140039453468992	1.0138957830927802	1.0140641387014295	1.0000025371390464	0.00015304904487728084	0.004381129230415986
263.0	1.014113317979853	1.0141148870972516	1.014005762130457	1.0141754901471758	1.0000025527130647	0.00015472801420325134	0.004417997661299399
264.0	1.0142247261491728	1.014226312588853	1.0141162199675051	1.0142873263557288	1.0000025682983504	0.00015641895128247021	0.0044550379295285655
265.0	1.014336618691062	1.0143382225793558	1.014227157356971	1.014399648082711	1.0000025838944415	0.00015812189604302694	0.004492250188647793
266.0	1.0144489963668186	1.0144506178305475	1.0143385750561578	1.0145124560878964	1.000002599500879	0.00015983689023770295	0.004529634589060572
267.0	1.014561859941873	1.0145634991083092	1.0144504738265407	1.014625751135189	1.0000026151171937	0.0001615639716866829	0.004567191281552216
268.0	1.0146752101858054	1.0146768671826818	1.0145628544337562	1.0147395339926921	1.000002630742922	0.00016330317915940265	0.004604920409605359
269.0	1.0147890478723627	1.014790722827838	1.0146757176477377	1.0148538054326683	1.0000026463775973	0.0001650545479318905	0.004642822118044905
270.0	1.0149033737794746	1.0149050668222181	1.0147890642427764	1.0149685662317138	1.0000026620207418	0.00016681812153711756	0.004680896544325818
271.0	1.0150181886892717	1.0150198999483389	1.0149028949973053	1.0150838171704948	1.0000026776718882	0.00016859393124040982	0.004719143838771283
272.0	1.0151334933881022	1.0151352229930217	1.0150172106941318	1.0151995590341056	1.0000026933305635	0.00017038201682583885	0.004757564127878026
273.0	1.0152492886665498	1.0152510367472187	1.0151320121202971	1.015315792611673	1.0000027089962882	0.00017218240765084076	0.004796157560522097
274.0	1.01536557531945	1.0153673420062261	1.0152473000672193	1.015432518696795	1.0000027246685885	0.00017399514215850679	0.0048349242547548275
275.0	1.0154823541459088	1.015484139569513	1.01536307533064	1.0155497380872978	1.0000027403469758	0.00017582024904551873	0.004873864351962126
276.0	1.0155996259493199	1.015601430240917	1.0154793387106944	1.0156674515853379	1.0000027560309805	0.00017765776504239574	0.004912977972592583
277.0	1.0157173915373827	1.0157192148285106	1.0155960910119213	1.0157856599974142	1.00000277172011	0.000179507719671535	0.0049522652499889
278.0	1.0158356517221199	1.0158374941446957	1.0157133330432002	1.01590436413434	1.0000027874138795	0.0001813701431638003	0.004991726305543625
279.0	1.0159544073198963	1.015956269006235	1.0158310656178695	1.016023564811365	1.000002803111804	0.00018324506741947531	0.005031361259282953
280.0	1.016073659151436	1.0160755402341877	1.0159492895536553	1.0161432628480347	1.0000028188133911	0.00018513251816169518	0.005071170236027364
281.0	1.016193408041842	1.0161953086540187	1.016068005672806	1.016263459068389	1.0000028345181504	0.0001870325237018857	0.005111153347248413
282.0	1.016313654820613	1.0163155750956134	1.0161872148020428	1.0163841543008774	1.000002850225584	0.00018894511465393632	0.005151310705931248
283.0	1.0164344003216639	1.0164363403931878	1.0163069177725497	1.0165053493783536	1.0000028659352014	0.00019087031325012464	0.00519164243384662
284.0	1.0165556453833424	1.0165576053854597	1.0164271154199627	1.01662704513819	1.0000028816464972	0.00019280814839553207	0.005232148632422987
285.0	1.0166773908484499	1.0166793709154966	1.016547808584545	1.0167492424221591	1.0000028973589794	0.00019475863873761695	0.005272829419385769
286.0	1.0167996375642594	1.0168016378309128	1.0166689981110144	1.0168719420765975	1.000002913072139	0.00019672181022951568	0.0053136848869644576
287.0	1.0169223863825343	1.0169244069837742	1.0167906848487538	1.016995144952355	1.0000029287854735	0.00019869768498955958	0.005354715146125983
288.0	1.0170456381595485	1.0170476792306669	1.0169128696517444	1.0171188519048515	1.0000029444984773	0.0002006862860190968	0.005395920294157176
289.0	1.0171693937561055	1.017171455432657	1.017035553378451	1.0172430637939707	1.0000029602106417	0.00020268763139500207	0.005437300433904448
290.0	1.0172936540375572	1.017295736455352	1.017158736892005	1.0173677814842343	1.0000029759214524	0.00020470173844137028	0.005478855659360588
291.0	1.017418419873825	1.0174205231689666	1.0172824210602587	1.017493005844798	1.0000029916303999	0.00020672862811641805	0.005520586058940275
292.0	1.0175436921394176	1.01754581644822	1.0174066067556544	1.0176187377493295	1.0000030073369643	0.00020876831322632348	0.005562491730648374
293.0	1.0176694717134531	1.0176716171725306	1.0175312948553996	1.017744978076281	1.000003023040632	0.00021082081531785242	0.005604572752940084
294.0	1.0177957594796774	1.0177979262258072	1.0176564862412598	1.0178717277086002	1.0000030387408787	0.00021288614239834658	0.005646829225377265
295.0	1.0179225563264855	1.0179247444967148	1.0177821817998836	1.0179989875340283	1.0000030544371885	0.00021496431291692975	0.005689261219353209
296.0	1.0180498631469408	1.018052072878519	1.0179083824225845	1.0181267584449747	1.0000030701290283	0.0002170553386581257	0.00573186882229924
297.0	1.0181776808387963	1.0181799122691177	1.018035089005366	1.0182550413385014	1.000003085815875	0.00021915922568352934	0.005774652114357325
298.0	1.0183060103045156	1.0183082635711964	1.0181623024491628	1.0183838371165013	1.000003101497206	0.00022127598757100072	0.00581761116354021
299.0	1.0184348524512925	1.0184371276921187	1.0182900236596506	1.0185131466855697	1.000003117172478	0.00022340563274244062	0.00586074604801987
300.0	1.0185642081910729	1.0185665055439912	1.0184182535473632	1.0186429709571212	1.0000031328411652	0.00022554816867418248	0.005904056837303623
301.0	1.0186940784405754	1.0186963980436605	1.018546993027564	1.0187733108473151	1.0000031485027256	0.00022770359956510522	0.005947543601566227
302.0	1.0188244641213127	1.0188268061128123	1.0186762430205722	1.0189041672772055	1.0000031641566252	0.00022987193398828508	0.005991206404257943
303.0	1.018955366159613	1.0189577306778645	1.0188060044514349	1.0190355411726295	1.00000317980232	0.00023205317231435625	0.006035045311999052
304.0	1.019086785486641	1.0190891726700955	1.0189362782501723	1.0191674334642895	1.0000031954392674	0.00023424731715331588	0.006079060383745845
305.0	1.0192187230384206	1.01922113302563	1.0190670653517788	1.0192998450878412	1.000003211066921	0.00023645436988896146	0.0061232516751494204
306.0	1.0193511797558559	1.019353612685454	1.0191983666961002	1.0194327769837432	1.0000032266847334	0.00023867432996066114	0.006167619244610859
307.0	1.019484156584753	1.019486612595429	1.019330183228048	1.0195662300974597	1.0000032422921474	0.00024090719410213479	0.006212163144041534
308.0	1.019617654475843	1.0196201337063753	1.019462515897486	1.0197002053794113	1.000003257888619	0.00024315296241889965	0.006256883420823213
309.0	1.0197516743848034	1.0197541769739658	1.0195953656593217	1.0198347037849373	1.0000032734735862	0.00024541162571320343	0.006301780130504618
310.0	1.019886217272281	1.0198887433589117	1.0197287334734364	1.019969726274419	1.0000032890464885	0.00024768318151380817	0.006346853308551745
311.0	1.0200212841039142	1.0200238338268766	1.0198626203049113	1.02010527381326	1.0000033046067693	0.00024996762342654474	0.006392103005997632
312.0	1.0201568758503565	1.0201594493484485	1.0199970271237992	1.02024134737182	1.0000033201538647	0.00025226493619592843	0.00643752926206543
313.0	1.020292993487298	1.0202955908993758	1.0201319549052692	1.0203779479256556	1.0000033356872016	0.0002545751166032327	0.006483132102454863
314.0	1.0204296379954898	1.0204322594603388	1.020267404629677	1.0205150764553161	1.0000033512062179	0.00025689814871730164	0.006528911578737215
315.0	1.0205668103607666	1.0205694560171314	1.0204033772824677	1.0206527339464617	1.0000033667103398	0.00025923401956795485	0.006574867712608902
316.0	1.0207045115740705	1.0207071815606321	1.020539873854302	1.0207909213899369	1.0000033821989902	0.00026158271383589535	0.006621000534048066
317.0	1.0208427426314737	1.0208454370868343	1.0206768953410188	1.0209296397817074	1.000003397671595	0.00026394421472422273	0.00666731007149439
318.0	1.020981504534203	1.0209842235969022	1.0208144427437797	1.0210688901229608	1.000003413127573	0.00026631850696057116	0.006713796348040989
319.0	1.0211207982886639	1.0211235420971025	1.020952517068851	1.0212086734200125	1.0000034285663433	0.0002687055677717137	0.006760459387893401
320.0	1.0212606249064637	1.0212633935989377	1.0210911193278143	1.0213489906844901	1.0000034439873162	0.00027110537765097673	0.006807299207777569
321.0	1.0214009854044366	1.0214037791190804	1.021230250537603	1.0214898429331956	1.0000034593899074	0.00027351791155153714	0.0068543158268331746
322.0	1.0215418808046677	1.0215446996794726	1.0213699117203459	1.0216312311882563	1.0000034747735254	0.00027594314612831096	0.006901509252391931
323.0	1.0216833121345172	1.0216861563072854	1.0215101039036303	1.0217731564770784	1.0000034901375725	0.00027838105354274583	0.006948879502001411
324.0	1.021825280426646	1.0218281500350048	1.0216508281203542	1.021915619832415	1.0000035054814598	0.000280831607289559	0.006996426578421138
325.0	1.0219677867190404	1.0219706819004184	1.021792085408887	1.0220586222923804	1.00000352080458	0.0002832947785238656	0.007044150489795504
326.0	1.0221108320550363	1.022113752946642	1.0219338768129498	1.0222021649004362	1.000003536106332	0.00028577053623654906	0.007092051241455328
327.0	1.022254417483346	1.022257364222102	1.0220762033816715	1.022346248705391	1.0000035513861147	0.00028825884297668146	0.007140128834700652
328.0	1.0223985440580814	1.022401516780686	1.022219066169631	1.022490874761583	1.0000035666433167	0.00029075966723529216	0.007188383257525489
329.0	1.0225432128387828	1.0225462116816226	1.0223624662369695	1.0226360441287137	1.0000035818773263	0.00029327296902244163	0.007236814515853639
330.0	1.0226884248904415	1.0226914499896567	1.0225064046493808	1.0227817578720795	1.0000035970875347	0.00029579871459384325	0.007285422592959811
331.0	1.0228341812835282	1.0228372327749116	1.0226508824779992	1.0229280170623405	1.0000036122733116	0.0002983368603819389	0.007334207486891105
332.0	1.0229804830940172	1.0229835611130158	1.0227959007995282	1.0230748227757431	1.0000036274340502	0.00030088736290067626	0.007383169181300182
333.0	1.0231273314034146	1.0231304360851607	1.0229414606964042	1.0232221760941276	1.000003642569122	0.00030345018169702063	0.007432307657323698
334.0	1.0232747272987837	1.0232778587780187	1.023087563256521	1.023370078104861	1.0000036576779023	0.00030602526882458084	0.007481622901154913
335.0	1.0234226718727717	1.023425830283819	1.0232342095734774	1.0235185299009224	1.0000036727597594	0.0003086125736873024	0.007531114892841112
336.0	1.0235711662236373	1.023574351700459	1.0233814007465207	1.023667532580963	1.0000036878140586	0.0003112120511763605	0.00758078360114185
337.0	1.0237202114552775	1.0237234241313464	1.023529137880607	1.0238171329263646	1.0000037028401683	0.0003138236437069317	0.007630629011279231
338.0	1.0238698086772549	1.023873048685643	1.023677422086508	1.0239673082995564	1.00000371783745	0.0003164473022635364	0.007680651082844926
339.0	1.0240199590048247	1.0240232264781053	1.0238262544806058	1.0241180386862447	1.0000037328052538	0.0003190829682446643	0.007730849790346232
340.0	1.0241706635589634	1.0241739586292575	1.0239756361851298	1.0242693252098314	1.0000037477429478	0.0003217305876271995	0.007781225099385926
341.0	1.0243219234663956	1.0243252462652415	1.0241255683280952	1.0244211689993468	1.0000037626498743	0.0003243900935563288	0.007831776979411377
342.0	1.0244737398596235	1.024477090518076	1.0242760520433771	1.0245735711897144	1.0000037775253785	0.0003270614289177783	0.00788250537429381
343.0	1.0246261138769537	1.0246294925255213	1.0244270884706976	1.024726532921567	1.0000037923688134	0.0003297445304026859	0.007933410257459299
344.0	1.0247790466625264	1.0247824534310772	1.0245786787555669	1.0248800553412998	1.000003807179514	0.0003324393255221941	0.007984491581501938
345.0	1.024932539366344	1.0249359743842317	1.0247308240496746	1.0250341396013305	1.0000038219568241	0.00033514575406212385	0.008035749289918364
346.0	1.0250865931443003	1.0250900565402201	1.0248835255103952	1.0251887868597915	1.0000038367000703	0.0003378637417557428	0.008087183344687093
347.0	1.025241209158209	1.0252447010601968	1.0250367843011423	1.025343998280737	1.0000038514085996	0.0003405932142204327	0.008138793690774283
348.0	1.0253963885758337	1.0253999091112784	1.0251906015913983	1.0254997750342245	1.0000038660817208	0.00034333409830054526	0.008190580268442646
349.0	1.0255521325709167	1.0255556818664955	1.0253449785565938	1.0256561182962052	1.0000038807187686	0.00034608631448872977	0.008242543023515342
350.0	1.0257084423232097	1.0257120205049326	1.025499916378273	1.0258130292486864	1.0000038953190662	0.0003488497876466786	0.008294681890005517
351.0	1.0258653190185023	1.0258689262116019	1.0256554162440656	1.0259705090796125	1.0000039098819242	0.00035162443185077317	0.008346996817050586
352.0	1.0260227638486539	1.026026400177656	1.0258114793477104	1.0261285589830722	1.0000039244066625	0.0003544101681031304	0.008399487725197817
353.0	1.0261807780116223	1.0261844436002305	1.025968106889105	1.0262871801591524	1.0000039388925892	0.000357206906107361	0.008452154561498745
354.0	1.0263393627114963	1.0263430576826291	1.02612530007428	1.0264463738140999	1.0000039533390126	0.0003600145592270339	0.008504997243833735
355.0	1.0264985191585245	1.0265022436342455	1.0262830601154709	1.0266061411602225	1.0000039677452295	0.000362833033991955	0.00855801570640608
356.0	1.0266582485691478	1.0266620026707094	1.0264413882312622	1.0267664834161248	1.0000039821105502	0.00036566224124210924	0.008611209867041789
357.0	1.0268185521660296	1.0268223360137416	1.0266002856463412	1.026927401806472	1.0000039964342609	0.00036850207897634753	0.008664579654534791
358.0	1.0269794311780882	1.0269832448914409	1.0267597535918342	1.0270888975623516	1.000004010715661	0.00037135245720540155	0.008718124978514754
359.0	1.0271408868405283	1.0271447305380126	1.0269197933050496	1.0272509719208858	1.000004024954036	0.0003742132684561977	0.00877184577161617
360.0	1.027302920394872	1.027306794194037	1.0270804060298007	1.0274136261256228	1.000004039148672	0.00037708441084841114	0.008825741936864867
361.0	1.0274655330889924	1.0274694371064563	1.0272415930162968	1.027576861426488	1.000004053298843	0.00037996578359535	0.008879813383725454
362.0	1.0276287261771453	1.0276326605284565	1.0274033555210216	1.0277406790796053	1.0000040674038362	0.00038285727237517554	0.008934060032026615
363.0	1.0277925009200015	1.0277964657197531	1.0275656948070888	1.0279050803477123	1.0000040814629236	0.00038575877407864346	0.008988481779972605
364.0	1.02795685858468	1.0279608539463205	1.0277286121438964	1.0280700664996885	1.0000040954753675	0.0003886701671429693	0.009043078543601804
365.0	1.0281218004447823	1.0281258264807156	1.0278921088075175	1.028235638811067	1.0000041094404393	0.0003915913398160089	0.009097850212881425
366.0	1.0282873277804228	1.0282913846019548	1.0280561860806143	1.028401798563868	1.0000041233574029	0.00039452217511965723	0.009152796692365909
367.0	1.0284534418782652	1.0284575295955327	1.0282208452522363	1.0285685470465493	1.0000041372255104	0.00039746254921362576	0.009207917878596584
368.0	1.0286201440315554	1.0286242627535658	1.0283860876182445	1.0287358855541828	1.0000041510440136	0.00040041234213000727	0.009263213669432632
369.0	1.0287874355401556	1.028791585374678	1.0285519144810367	1.0289038153883807	1.0000041648121702	0.0004033714233962383	0.009318683957740905
370.0	1.028955317710578	1.0289594987641744	1.0287183271496863	1.0290723378574325	1.0000041785292206	0.0004063396655313886	0.009374328630534725
371.0	1.0291237918560199	1.0291280042340087	1.028885326940087	1.029241454276229	1.0000041921944098	0.0004093169375929852	0.009430147576030468
372.0	1.0292928592963992	1.0292971031027853	1.0290529151747414	1.0294111659663654	1.0000042058069725	0.00041230310185818946	0.009486140682564283
373.0	1.0294625213583888	1.0294667966959277	1.0292210931831143	1.029581474256272	1.0000042193661436	0.00041529802690071704	0.009542307826616421
374.0	1.029632779375451	1.0296370863455353	1.029389862301395	1.0297523804809903	1.0000042328711511	0.0004183015702907354	0.009598648900876083
375.0	1.029803634687875	1.0298079733904957	1.0295592238724955	1.029923885982389	1.000004246321219	0.0004213135858708655	0.009655163776617431
376.0	1.0299750886428116	1.0299794591765887	1.0297291792464476	1.0300959921092212	1.0000042597155698	0.00042433393052917405	0.009711852332281895
377.0	1.0301471425943096	1.0301515450564485	1.0298997297800632	1.0302687002170963	1.000004273053419	0.00042736245695489204	0.009768714437298126
378.0	1.0303197979033516	1.0303242323895803	1.0300708768371762	1.0304420116684816	1.0000042863339802	0.00043039901181070187	0.009825749973103353
379.0	1.030493055937892	1.0304975225424373	1.0302426217885259	1.0306159278328095	1.0000042995564593	0.00043344343948768777	0.009882958801470713
380.0	1.0306669180728927	1.0306714168884934	1.030414966011974	1.0307904500865188	1.000004312720061	0.000436495585705735	0.009940340791757964
381.0	1.0308413856903602	1.0308459168081816	1.0305879108924483	1.0309655798130082	1.0000043258239826	0.00043955528797081413	0.009997895811761777
382.0	1.0310164601793845	1.0310210236889965	1.0307614578218622	1.0311413184027247	1.0000043388674211	0.000442622381720532	0.010055623723796045
383.0	1.0311921429361752	1.0311967389255794	1.0309356081994565	1.0313176672533018	1.0000043518495645	0.000445696705085378	0.010113524385338997
384.0	1.0313684353641002	1.0313730639196041	1.031110363431475	1.0314946277693509	1.0000043647696015	0.0004487780840751313	0.010171597662101605
385.0	1.0315453388737246	1.0315500000799467	1.0312857249313518	1.0316722013626942	1.000004377626706	0.00045186634522541855	0.010229843405543783
386.0	1.0317228548828477	1.0317275488227649	1.0314616941201145	1.031850389452499	1.0000043904200653	0.000454961319794809	0.010288261470251659
387.0	1.0319009848165437	1.0319057115713284	1.0316382724255897	1.0320291934649433	1.0000044031488402	0.00045806282329791467	0.010346851711367525
388.0	1.0320797301071996	1.0320844897562702	1.0318154612833004	1.0322086148336167	1.0000044158122037	0.00046117067623806864	0.010405613983666497
389.0	1.0322590921945547	1.0322638848154988	1.031993262135928	1.0323886549993735	1.0000044284093197	0.0004642846917353057	0.010464548128121734
390.0	1.0324390725257413	1.0324438981942998	1.032171676433597	1.0325693154104403	1.0000044409393416	0.00046740468149103644	0.01052365399336223
391.0	1.0326196725553236	1.032624531345374	1.0323507056339418	1.0327505975224671	1.0000044534014254	0.0004705304556396701	0.01058293142634813
392.0	1.0328008937453383	1.0328057857288437	1.0325303512020743	1.0329325027985055	1.0000044657947178	0.0004736618195260139	0.010642380268927451
393.0	1.0329827375653358	1.0329876628123167	1.0327106146105811	1.0331150327090974	1.0000044781183628	0.0004767985757954788	0.01070200036063254
394.0	1.0331652054924205	1.033170164070866	1.0328914973395276	1.0332981887322363	1.0000044903714989	0.00047994051861616015	0.010761791544868251
395.0	1.0333482990112925	1.0333532909872216	1.0330730008767541	1.0334819723536008	1.0000045025532585	0.00048308744823462204	0.01082175365201287
396.0	1.0335320196142883	1.0335370450516326	1.0332551267175896	1.0336663850663157	1.0000045146627727	0.00048623915359092906	0.010881886520739105
397.0	1.0337163688014237	1.0337214277620448	1.0334378763652046	1.0338514283712892	1.000004526699163	0.000489395425454149	0.010942189983890868
398.0	1.033901348080435	1.0339064406240661	1.0336212513303238	1.0340371037770375	1.000004538661551	0.0004925560490339185	0.011002663870951451
399.0	1.0340869589668227	1.0340920851510045	1.0338052531314261	1.034223412799717	1.0000045505490442	0.0004957208034926347	0.011063308019062273
400.0	1.0342732029838924	1.0342783628639847	1.0339898832949486	1.0344103569633945	1.000004562360755	0.0004988894691869461	0.011124122248661961
401.0	1.0344600816627993	1.0344652752918906	1.0341751433550634	1.0345979377998225	1.0000045740957892	0.0005020618178798852	0.011185106389406988
402.0	1.0346475965425923	1.0346528239715522	1.034361034853933	1.0347861568487695	1.0000045857532414	0.0005052376265491557	0.011246260258247136
403.0	1.0348357491702556	1.0348410104476	1.034547559341486	1.0349750156576856	1.0000045973322034	0.0005084166592309859	0.011307583688809447
404.0	1.0350245411007541	1.0350298362726296	1.0347347183757298	1.0351645157820906	1.0000046088317651	0.0005115986785963176	0.011369076500205999
405.0	1.0352139738970783	1.035219303007249	1.0349225135226785	1.0353546587854148	1.000004620251008	0.0005147834462321582	0.011430738505255576
406.0	1.0354040491302876	1.0354094122201218	1.035110946356397	1.0355454462392242	1.0000046315890072	0.0005179707225151835	0.011492569524042897
407.0	1.0355947683795568	1.0356001654878966	1.0353000184590513	1.0357368797230069	1.000004642844839	0.0005211602554003607	0.011554569379617395
408.0	1.0357861332322205	1.0357915643954512	1.0354897314210223	1.03592896082451	1.0000046540175673	0.0005243517997058629	0.011616737878090672
409.0	1.0359781452838193	1.0359836105357108	1.0356800868406493	1.0361216911394469	1.0000046651062493	0.0005275450950746328	0.011679074839171856
410.0	1.0361708061381458	1.03617630550991	1.0358710863247846	1.036315072271962	1.0000046761099435	0.0005307398868620227	0.011741580070498822
411.0	1.0363641174072913	1.0363696509275149	1.0360627314884163	1.0365091058343072	1.0000046870277028	0.000533935914090874	0.011804253379725958
412.0	1.0365580807116923	1.0365636484062644	1.0362550239548507	1.0367037934470409	1.0000046978585624	0.0005371329089661727	0.011867094584786589
413.0	1.0367526976801777	1.0367582995723048	1.0364479653558933	1.0368991367391416	1.0000047086015678	0.000540330605321341	0.011930103483116858
414.0	1.0369479699500164	1.0369536060601166	1.0366415573315835	1.037095137347861	1.0000047192557477	0.0005435287269479831	0.011993279888785043
415.0	1.0371438991669653	1.0371495695126898	1.0368358015305845	1.0372917969190214	1.0000047298201309	0.0005467269998957879	0.012056623601425268
416.0	1.0373404869853171	1.037346191581417	1.0370306996099354	1.0374891171067704	1.000004740293738	0.0005499251375525647	0.012120134428744043
417.0	1.0375377350679496	1.0375434739263276	1.0372262532352947	1.0376870995739262	1.0000047506755847	0.0005531228584849838	0.012183812162816738
418.0	1.0377356450863737	1.0377414182160132	1.037422464080959	1.0378857459918687	1.000004760964678	0.0005563198746027482	0.012247656613457959
419.0	1.037934218720784	1.0379400261276617	1.0376193338298132	1.0380850580405259	1.000004771160021	0.0005595158896263112	0.012311667580835453
420.0	1.0381334576601078	1.038139299347223	1.0378168641735661	1.0382850374086459	1.0000047812606156	0.0005627106102827866	0.012375844856523665
421.0	1.0383333636020544	1.0383392395693478	1.038015056812529	1.0384856857935945	1.0000047912654535	0.0005659037356766042	0.01244018824256197
422.0	1.0385339382531673	1.0385398484974235	1.038213913455841	1.0386870049014372	1.0000048011735159	0.0005690949557378312	0.012504697539788629
423.0	1.0387351833288743	1.0387411278437295	1.0384134358214525	1.0388889964472352	1.0000048109837791	0.0005722839613652905	0.012569372532570663
424.0	1.0389371005535382	1.0389430793295191	1.0386136256364753	1.0390916621549904	1.0000048206952226	0.0005754704474196078	0.012634213014400736
425.0	1.039139691660509	1.0391457046847767	1.0388144846365344	1.0392950037573179	1.0000048303068112	0.0005786540843443575	0.012699218792541584
426.0	1.0393429583921763	1.0393490056486814	1.0390160145666025	1.039499022996144	1.000004839817505	0.0005818345577150812	0.012764389641369004
427.0	1.0395469025000212	1.0395529839693645	1.0392182171806017	1.039703721622253	1.0000048492262572	0.0005850115399888793	0.012829725363254428
428.0	1.0397515257446692	1.0397576414040608	1.039421094241468	1.039909101395581	1.0000048585320171	0.0005881846999156913	0.01289522574379121
429.0	1.0399568298959438	1.0399629797191619	1.0396246475213973	1.0401151640851545	1.0000048677337292	0.0005913537025012811	0.012960890574013775
430.0	1.0401628167329198	1.040169000690248	1.039828878801707	1.0403219114691888	1.0000048768303236	0.0005945182070277257	0.013026719639519417
431.0	1.0403694880439778	1.0403757061021932	1.0400337898730312	1.0405293453352342	1.000004885820728	0.0005976778718419994	0.013092712725699054
432.0	1.040576845626858	1.0405830977491326	1.0402393825352414	1.0407374674800491	1.0000048947038713	0.0006008323461010095	0.013158869623216546
433.0	1.0407848912887165	1.0407911774346976	1.0404456585977746	1.040946279709914	1.0000049034786578	0.0006039812869784229	0.013225190110780102
434.0	1.0409936268461792	1.0409999469716786	1.040652619879154	1.041155783840155	1.0000049121440069	0.0006071243220326307	0.013291673993205539
435.0	1.041203054125398	1.0412094081826364	1.0408602682076058	1.0413659816959695	1.0000049206988175	0.0006102611025958103	0.01335832102535224
436.0	1.0414131749621078	1.0414195628994565	1.0410686054208422	1.0415768751118022	1.0000049291419795	0.0006133912554805316	0.01342513101767619
437.0	1.041623991201682	1.0416304129637148	1.0412776333661107	1.0417884659318186	1.0000049374723852	0.0006165144127868906	0.013492103734261712
438.0	1.0418355046991907	1.0418419602265798	1.0414873539002985	1.0420007560097513	1.0000049456889153	0.0006196301968953408	0.013559238966423628
439.0	1.0420477173194576	1.0420542065489686	1.041697768890055	1.0422137472090685	1.000004953790449	0.0006227382300465074	0.013626536491990485
440.0	1.0422606309371174	1.0422671538015431	1.041908880211657	1.0424274414029195	1.0000049617758473	0.0006258381283999617	0.013693996093380584
441.0	1.0424742474366762	1.0424808038647335	1.04212068975128	1.0426418404742934	1.0000049696439703	0.0006289294985923856	0.013761617560342878
442.0	1.0426885687125682	1.042695158628917	1.0423331994048701	1.042856946316031	1.0000049773936739	0.0006320119493559002	0.013829400655713458
443.0	1.0429035966692168	1.042910219994359	1.0425464110784133	1.043072760830941	1.0000049850238053	0.0006350850800852674	0.013897345175746784
444.0	1.043119333221093	1.0431259898713499	1.0427603266877372	1.0432892859317549	1.0000049925332009	0.0006381484883643444	0.013965450886585585
445.0	1.043335780292777	1.0433424701801992	1.0429749481588213	1.0435065235412724	1.000004999920696	0.000641201763479603	0.014033717580058516
446.0	1.0435529398190182	1.043559662851377	1.0431902774276502	1.0437244755923925	1.0000050071851103	0.000644244494197876	0.014102145023995897
447.0	1.0437708137447963	1.0437775698254765	1.043406316440405	1.043943144028139	1.0000050143252597	0.0006472762594307214	0.0141707330053152
448.0	1.043989404025384	1.043996193053392	1.0436230671535474	1.044162530801885	1.0000050213399592	0.0006502966392010227	0.014239481297065312
449.0	1.0442087126264086	1.0442155344962367	1.0438405315336376	1.0443826378771066	1.000005028228001	0.0006533052009291975	0.014308389681233312
450.0	1.0444287415239142	1.0444355961255731	1.0440587115577473	1.044603467227795	1.0000050349881935	0.0006563015155006169	0.014377457935358235
451.0	1.044649492704426	1.044656379923271	1.044277609213149	1.0448250208381258	1.0000050416193125	0.0006592851375611898	0.014446685841985947
452.0	1.0448709681650135	1.0448778878817722	1.044497226497747	1.0450473007029437	1.000005048120137	0.0006622556248121591	0.014516073168322038
453.0	1.0450931699133545	1.0451001220041205	1.0447175654199303	1.0452703088276774	1.0000050544894428	0.0006652125347380461	0.01458561969445754
454.0	1.0453160999678002	1.0453230843038446	1.0449386279986395	1.045494047228139	1.000005060725993	0.0006681554072129309	0.014655325210270857
455.0	1.0455397603574403	1.045546776805221	1.0451604162634334	1.0457185179309694	1.0000050668285387	0.0006710837833811776	0.01472518948355188
456.0	1.045764153122169	1.0457712015432623	1.0453829322545862	1.045943722973455	1.0000050727958287	0.0006739971983340614	0.014795212293357975
457.0	1.0459892803127513	1.0459963605637972	1.0456061780232488	1.0461696644037235	1.0000050786266044	0.0006768951823083631	0.014865393421059284
458.0	1.0462151439908889	1.046222255923541	1.0458301556312692	1.0463963442807318	1.0000050843195938	0.000679777261204338	0.01493573264385366
459.0	1.0464417462292892	1.046448889690113	1.046054867151483	1.046623764674401	1.000005089873524	0.000682642951649795	0.015006229743426476
460.0	1.0466690891117316	1.0466762639421625	1.0462803146676318	1.0468519276655823	1.000005095287106	0.0006854917667415216	0.015076884493609784
461.0	1.0468971747331375	1.04690438076946	1.046506500274614	1.0470808353463026	1.0000051005590458	0.0006883232180251884	0.015147696674472263
462.0	1.0471260051996376	1.0471332422728452	1.0467334260782508	1.0473104898195627	1.0000051056880457	0.0006911368041346801	0.015218666070458175
463.0	1.0473555826286431	1.047362850564435	1.046961094195667	1.0475408931996972	1.0000051106727914	0.000693932023890579	0.0152897924587184
464.0	1.0475859091489148	1.047593207767631	1.0471895067552979	1.0477720476122947	1.0000051155119651	0.0006967083704112556	0.015361075619579743
465.0	1.0478169869006335	1.0478243160171377	1.0474186658966629	1.0480039551941625	1.0000051202042435	0.0006994653260794164	0.015432515336452372
466.0	1.0480488180354728	1.048056177459103	1.0476485737707129	1.048236618093626	1.0000051247482835	0.000702202369167978	0.015504111389084006
467.0	1.0482814047166693	1.0482887942512535	1.0478792325400994	1.0484700384705499	1.000005129142745	0.0007049189798641689	0.015575863557282495
468.0	1.0485147491190956	1.048522168562806	1.0481106443787467	1.0487042184962065	1.000005133386273	0.0007076146250238867	0.015647771627664436
469.0	1.0487488534293337	1.0487563025746018	1.0483428114721014	1.0489391603535285	1.0000051374775025	0.0007102887639706026	0.01571983538598123
470.0	1.048983719845748	1.0489911984792286	1.0485757360174595	1.0491748662371787	1.0000051414150675	0.0007129408530589264	0.015792054613785616
471.0	1.0492193505785594	1.0492268584811093	1.0488094202238138	1.0494113383536514	1.0000051451975838	0.0007155703472058412	0.01586442909005848
472.0	1.0494557478499213	1.0494632847964813	1.0490438663118993	1.0496485789211938	1.0000051488236645	0.0007181766906716255	0.015936958610293955
473.0	1.0496929138939934	1.0497004796534741	1.0492790765143698	1.0498865901699326	1.0000051522919058	0.0007207593173722967	0.016009642958526756
474.0	1.0499308509570187	1.0499384452923457	1.0495150530757367	1.0501253743421382	1.0000051556009055	0.0007233176661226101	0.016082481913831072
475.0	1.0501695612973994	1.0501771839652883	1.0497517982526392	1.0503649336919434	1.0000051587492425	0.0007258511548819387	0.0161554752815958
476.0	1.0504090471857757	1.0504166979368597	1.0499893143138401	1.0506052704859017	1.000005161735491	0.0007283592143933021	0.01622862282807298
477.0	1.0506493109051016	1.0506569894837	1.0502276035402576	1.0508463870026181	1.0000051645582175	0.0007308412539362441	0.016301924365069772
478.0	1.0508903547507251	1.050898060894802	1.0504666682248882	1.0510882855329122	1.0000051672159738	0.0007332966795271132	0.016375379673919613
479.0	1.0511321810304666	1.0511399144715816	1.0507065106733058	1.051330968380131	1.0000051697073074	0.0007357248930825951	0.016448988550154163
480.0	1.0513747920646987	1.0513825525279648	1.0509471332034113	1.0515744378601317	1.0000051720307468	0.0007381252931473059	0.016522750779731796
481.0	1.0516181901864274	1.051625977390392	1.051188538145501	1.0518186963011464	1.0000051741848228	0.0007404972676602621	0.016596666166435722
482.0	1.0518623777413725	1.05187019139794	1.051430727842594	1.0520637460441051	1.0000051761680504	0.0007428401978140645	0.016670734509339914
483.0	1.0521073570880497	1.052115196902413	1.0516737046501128	1.0523095894426282	1.0000051779789332	0.0007451534589541776	0.01674495559404335
484.0	1.0523531305978533	1.0523609962684457	1.051917470936558	1.0525562288631862	1.00000517961597	0.0007474364225953458	0.016819329230711375
485.0	1.0525997006551389	1.0526075918735094	1.052162029082843	1.0528036666849614	1.000005181077639	0.0007496884490480547	0.016893855208712828
486.0	1.052847069657308	1.052854986108053	1.0524073814830264	1.0530519053001974	1.0000051823624203	0.000751908892857042	0.01696853334197598
487.0	1.0530952400148919	1.0531031813756502	1.052653530544147	1.053300947114208	1.0000051834687782	0.0007540971088437465	0.017043363419342438
488.0	1.0533442141516374	1.0533521800929095	1.0529004786860956	1.053550794545293	1.0000051843951638	0.0007562524353528393	0.01711834525677508
489.0	1.053593994504593	1.0536019846897402	1.0531482283421347	1.0538014500250767	1.0000051851400282	0.0007583742114111703	0.017193478658387752
490.0	1.0538445835241943	1.053852597609263	1.0533967819585568	1.0540529159983407	1.0000051857017958	0.0007604617601083841	0.017268763431007823
491.0	1.0540959836743538	1.054104021308117	1.0536461419950696	1.05430519492338	1.000005186078895	0.0007625144092862761	0.017344199378039323
492.0	1.0543481974325468	1.0543562582563146	1.0538963109246993	1.0545582892718075	1.000005186269734	0.0007645314695313306	0.01741978632049713
493.0	1.0546012272899015	1.0546093109375163	1.0541472912340566	1.0548122015289414	1.0000051862727153	0.0007665122518030763	0.01749552406280276
494.0	1.0548550757512885	1.0548631818490046	1.0543990854231955	1.055066934193625	1.0000051860862313	0.0007684560564305846	0.01757141242618315
495.0	1.0551097453354106	1.0551178735017661	1.0546516960058339	1.055322489778365	1.0000051857086567	0.0007703621724157914	0.017647451227261076
496.0	1.0553652385748955	1.0553733884207543	1.0549051255096473	1.0555788708097356	1.0000051851383613	0.0007722298935907107	0.017723640277124014
497.0	1.0556215580163855	1.0556297291447145	1.0551593764757814	1.0558360798279378	1.0000051843737048	0.0007740584935026517	0.017799979400084903
498.0	1.0558787062206325	1.055886898226498	1.0554144514596138	1.056094119387348	1.0000051834130257	0.0007758472462011609	0.01787646842344428
499.0	1.05613668576259	1.0561448982330264	1.055670353030383	1.0563529920563761	1.0000051822546652	0.0007775954142180098	0.017953107165166456
500.0	1.0563954992315079	1.0564037317454653	1.055927083771467	1.0566127004176191	1.0000051808969421	0.0007793022559654934	0.01802989545262004
501.0	1.0566551492310274	1.0566634013593146	1.0561846462804365	1.0568732470680087	1.0000051793381644	0.0007809670253488546	0.018106833115829255
502.0	1.0569156383792775	1.0569239096842793	1.0564430431690646	1.0571346346186101	1.0000051775766392	0.0007825889504756807	0.01818391999967023
503.0	1.0571769693089712	1.0571852593448714	1.0567022770638639	1.057396865695425	1.0000051756106483	0.0007841672814356178	0.018261155904100237
504.0	1.0574391446675024	1.057447452979928	1.0569623506053085	1.0576599429385527	1.0000051734384674	0.0007857012356214841	0.018338540693030272
505.0	1.0577021671170463	1.0577104932430412	1.0572232664487238	1.0579238690029271	1.0000051710583608	0.0007871900288886106	0.018416074199616068
506.0	1.0579660393346566	1.0579743828026913	1.0574850272641645	1.0581886465583672	1.0000051684685778	0.0007886328789849858	0.018493756251612443
507.0	1.0582307640123663	1.0582391243421605	1.0577476357363946	1.0584542782894784	1.0000051656673623	0.0007900289878677931	0.018571586700733316
508.0	1.058496343857289	1.0585047205596987	1.0580110945650056	1.0587207668956906	1.0000051626529358	0.0007913775478139479	0.018649565398087417
509.0	1.0587627815917198	1.0587711741686552	1.0582754064645417	1.0589881150916358	1.0000051594235178	0.0007926777443758326	0.01872769218028328
510.0	1.0590300799532393	1.0590384878976251	1.0585405741646992	1.0592563256071335	1.0000051559773029	0.000793928760381066	0.018805966897829946
511.0	1.059298241694816	1.0593066644904128	1.0588066004103092	1.059525401187191	1.0000051523124878	0.0007951297628217601	0.01888438941389338
512.0	1.059567269584911	1.0595757067063107	1.0590734879614883	1.0597953445922217	1.0000051484272447	0.0007962799193539322	0.018962959570106946
