1.0	1.000000197040245	0.9999999999999999	0.9999999999999983	0.9999999999999994	1.0	1.9704020629527756e-5	0.0
2.0	1.000000788162145	1.0000005911932484	1.000000591149809	1.0000005912366314	1.000000000145409	1.96968741505167e-5	3.940802204560616e-5
3.0	1.0000017733691942	1.000001576520124	1.0000015763332917	1.0000015767064545	1.0000000003925655	1.9684872106992257e-5	3.940467551924969e-5
4.0	1.0000031526672164	1.0000029559853632	1.0000029555005787	1.0000029564681907	1.0000000007411163	1.966812331779168e-5	3.9393683716035584e-5
5.0	1.000004926064365	1.0000047295961105	1.0000047286060545	1.0000047305808424	1.0000000011907089	1.9646728674360506e-5	3.937087726334733e-5
6.0	1.0000070935711238	1.0000068973618779	1.000006895608235	1.0000068991037434	1.0000000017409933	1.9620785414738528e-5	3.9332257521019485e-5
7.0	1.0000096552003057	1.0000094592945152	1.00000945646967	1.0000094620966289	1.0000000023916216	1.9590389898740437e-5	3.92739960630191e-5
8.0	1.0000126109670544	1.0000124154082375	1.0000124111568904	1.0000124196197346	1.0000000031422465	1.95556350763099e-5	3.919243076087615e-5
9.0	1.0000159608888441	1.0000157657196158	1.0000157596403383	1.000015771733879	1.0000000039925239	1.9516611330953925e-5	3.908405433895794e-5
10.0	1.0000197049854798	1.0000195102475613	1.0000195018942883	1.0000195185005214	1.0000000049421107	1.9473408122523415e-5	3.8945507325406864e-5
11.0	1.0000238432790973	1.000023649013341	1.0000236378967924	1.000023659981844	1.000000005990664	1.9426112454806064e-5	3.877357408868321e-5
12.0	1.0000283757941646	1.0000281820405907	1.000028167629646	1.0000281962408426	1.0000000071378448	1.937480760961245e-5	3.8565174632381914e-5
13.0	1.0000333025574812	1.000033109355272	1.0000330910782804	1.000033127341345	1.0000000083833127	1.9319577542863078e-5	3.831735374716742e-5
14.0	1.0000386235981793	1.0000384309857269	1.0000384082317733	1.000038453348127	1.0000000097267323	1.926050133334304e-5	3.802728446143173e-5
15.0	1.0000443389477238	1.0000441469626327	1.0000441190827472	1.0000441743269293	1.0000000111677663	1.9197657911852547e-5	3.7692251840910475e-5
16.0	1.0000504486399138	1.0000502573190309	1.000050223627352	1.0000502903445407	1.0000000127060804	1.9131123152263947e-5	3.730965586089272e-5
17.0	1.0000569527108818	1.0000567620903096	1.000056721865205	1.0000568014688356	1.0000000143413406	1.9060971647567578e-5	3.687700102226614e-5
18.0	1.0000638511990954	1.0000636613142146	1.0000636137993533	1.0000637077688361	1.0000000160732148	1.8987275710481887e-5	3.639189495958904e-5
19.0	1.0000711441453578	1.000070955030838	1.0000708994362286	1.0000710093147471	1.0000000179013704	1.8910106638808803e-5	3.585204127581161e-5
20.0	1.000078831592808	1.0000786432826494	1.0000785787856301	1.0000787061780354	1.0000000198254793	1.8829531495796842e-5	3.525523832707829e-5
21.0	1.0000869135869226	1.0000867261144373	1.0000866518606368	1.00008679843142	1.000000021845211	1.874561928233688e-5	3.45993684598531e-5
22.0	1.0000953901755154	1.0000952035733763	1.0000951186776308	1.0000952861489694	1.0000000239602378	1.865843407609411e-5	3.3882404721408315e-5
23.0	1.000104261408739	1.000104075708991	1.0001039792562343	1.0001041694061186	1.0000000261702322	1.8568038872427896e-5	3.310239647724502e-5
24.0	1.0001135273390855	1.0001133425731432	1.0001132336192569	1.0001134482796894	1.0000000284748685	1.847449687190421e-5	3.225747048144574e-5
25.0	1.0001231880213877	1.0001230042200844	1.0001228817927241	1.0001231228479754	1.0000000308738206	1.8377866395844706e-5	3.134583099183597e-5
26.0	1.0001332435128192	1.000133060706393	1.0001329238057786	1.000133193190723	1.0000000333667658	1.8278207169350502e-5	3.0365747207495108e-5
27.0	1.0001436938728967	1.0001435120910238	1.0001433596907041	1.0001436593892048	1.0000000359533778	1.8175575569929636e-5	2.9315560998751125e-5
28.0	1.0001545391634798	1.00015435843529	1.0001541894828783	1.000154521526242	1.000000038633337	1.8070026447930155e-5	2.819367607604161e-5
29.0	1.0001657794487733	1.0001655998028505	1.0001654132207352	1.0001657796862162	1.0000000414063182	1.7961614613858586e-5	2.6998557282726836e-5
30.0	1.000177414795327	1.000177236259747	1.0001770309457765	1.0001774339551393	1.0000000442720032	1.7850391086280548e-5	2.5728731996663057e-5
31.0	1.0001894452720386	1.0001892678743678	1.0001890427025097	1.0001894844206423	1.0000000472300696	1.7736406999080296e-5	2.4382779498633902e-5
32.0	1.000201870950153	1.000201694717462	1.0002014485384454	1.0002019311720196	1.0000000502801982	1.7619712202656562e-5	2.2959336169969742e-5
33.0	1.0002146919032648	1.0002145168621563	1.00021424850408	1.0002147743002687	1.00000005342207	1.7500353665428064e-5	2.1457090521882936e-5
34.0	1.0002279082073193	1.0002277343839283	1.0002274426528601	1.000228013898089	1.0000000566553657	1.7378378426350574e-5	1.987477802505457e-5
35.0	1.0002415199406143	1.000241347360629	1.0002410310411773	1.0002416500599278	1.0000000599797692	1.7253831374819982e-5	1.821118430850327e-5
36.0	1.0002555271838005	1.0002553558724734	1.0002550137283421	1.000255682881993	1.000000063394962	1.7126756360579733e-5	1.6465138923299465e-5
37.0	1.0002699300198834	1.0002697600020525	1.0002693907765747	1.0002701124622864	1.0000000669006273	1.6997195039301306e-5	1.4635515588558882e-5
38.0	1.0002847285342256	1.0002845598343122	1.0002841622509722	1.0002849389006065	1.0000000704964496	1.6865189336570218e-5	1.2721228463632211e-5
39.0	1.0002999228145468	1.0002997554565805	1.000299328219505	1.0003001622985896	1.0000000741821136	1.6730778695176832e-5	1.0721233636932734e-5
40.0	1.0003155129509267	1.0003153469585513	1.0003148887530016	1.000315782759718	1.0000000779573037	1.659400191753653e-5	8.634524288017742e-6
41.0	1.0003314990358056	1.0003313344322924	1.0003308439251242	1.0003318003893442	1.0000000818217054	1.645489654406969e-5	6.460130755517692e-6
42.0	1.000347881163987	1.0003477179722586	1.0003471938123787	1.00034821529472	1.0000000857750049	1.631349767672802e-5	4.197118562709606e-6
43.0	1.0003646594326385	1.0003644976752586	1.0003639384940577	1.0003650275849847	1.000000089816889	1.6169841508276538e-5	1.844584889296914e-6
44.0	1.0003818339412938	1.000381673640497	1.0003810780522748	1.0003822373712177	1.0000000939470433	1.602396119361153e-5	5.983371213408128e-7
45.0	1.0003994047918543	1.0003992459695514	1.0003986125719233	1.0003998447664344	1.0000000981651558	1.5875889380185776e-5	3.132486396495103e-6
46.0	1.0004173720885918	1.000417214766382	1.0004165421406774	1.000417849885612	1.000000102470915	1.5725657542070813e-5	5.758670958820313e-6
47.0	1.0004357359381493	1.0004355801373286	1.0004348668489704	1.0004362528456985	1.0000001068640076	1.5573296224081974e-5	8.477671188358412e-6
48.0	1.000454496449543	1.0004543421911158	1.0004535867899926	1.000455053765631	1.0000001113441224	1.541883490857855e-5	1.129023940004752e-5
49.0	1.0004736537341645	1.0004735010388592	1.000472702059683	1.0004742527663586	1.0000001159109482	1.5262301482793754e-5	1.419710172965249e-5
50.0	1.0004932079057836	1.0004930567940562	1.00049221275671	1.0004938499708418	1.0000001205641744	1.5103723459521126e-5	1.719896050790747e-5
51.0	1.0005131590805487	1.0005130095725987	1.000512118982471	1.0005138455040816	1.00000012530349	1.4943126800812604e-5	2.0296492750665378e-5
52.0	1.0005335073769903	1.0005333594927668	1.0005324208410784	1.0005342394931225	1.0000001301285846	1.4780536827928731e-5	2.349035330991007e-5
53.0	1.000554252916022	1.0005541066752381	1.0005531184393595	1.0005550320670742	1.0000001350391492	1.4615977444580686e-5	2.6781174340554312e-5
54.0	1.0005753958209438	1.0005752512430837	1.0005742118868353	1.0005762233571178	1.0000001400348728	1.4449471847117974e-5	3.0169567940910157e-5
55.0	1.0005969362174432	1.000596793321769	1.000595701295721	1.0005978134965192	1.0000001451154465	1.4281042546705206e-5	3.3656125109133466e-5
56.0	1.0006188742335982	1.0006187330391632	1.0006175867809222	1.0006198026206454	1.0000001502805616	1.4110710747969094e-5	3.724141705218657e-5
57.0	1.0006412099998792	1.000641070525542	1.0006398684600244	1.0006421908669805	1.000000155529908	1.3938496215917885e-5	4.092599718266183e-5
58.0	1.0006639436491516	1.000663805913578	1.0006625464532861	1.0006649783751227	1.0000001608631777	1.376441856302928e-5	4.471040171746582e-5
59.0	1.000687075316678	1.0006869393383504	1.0006856208836277	1.0006881652868074	1.0000001662800624	1.3588496450382285e-5	4.859514839039626e-5
60.0	1.000710605140121	1.0007104709373522	1.000709091876638	1.0007117517459165	1.000000171780253	1.341074712173307e-5	5.258073929218889e-5
61.0	1.0007345332595448	1.000734400850477	1.0007329595605512	1.0007357378984802	1.000000177363441	1.3231188023350639e-5	5.666766062604011e-5
62.0	1.0007588598174186	1.0007587292200542	1.000757224066277	1.0007601238927168	1.00000018302932	1.3049833453597157e-5	6.08563825963827e-5
63.0	1.0007835849586189	1.0007834561907993	1.0007818855273403	1.0007849098789934	1.00000018877758	1.2866699799401742e-5	6.514736462279545e-5
64.0	1.0008087088304316	1.0008085819098702	1.0008069440799316	1.0008100960098858	1.0000001946079156	1.2681800255554834e-5	6.954104739629754e-5
65.0	1.0008342315825556	1.0008341065268342	1.0008323998628679	1.0008356824401583	1.0000002005200168	1.2495148286063258e-5	7.403786206488727e-5
66.0	1.0008601533671044	1.0008600301936825	1.0008582530176022	1.0008616693267804	1.0000002065135778	1.2306756492613361e-5	7.863822572905227e-5
67.0	1.0008864743386097	1.0008863530648346	1.000884503688215	1.0008880568289413	1.00000021258829	1.2116636414972454e-5	8.33425432830485e-5
68.0	1.000913194654024	1.0009130752971465	1.0009111520214289	1.0009148451080643	1.0000002187438484	1.192479808740117e-5	8.815120821328199e-5
69.0	1.000940314472723	1.0009401970498883	1.000938198166564	1.0009420343277868	1.0000002249799431	1.1731252390278078e-5	9.306460457239311e-5
70.0	1.0009678339565085	1.0009677184847772	1.0009656422755826	1.0009696246540067	1.0000002312962686	1.1536008188342485e-5	9.808310247547403e-5
71.0	1.000995753269612	1.000995639765965	1.0009934845030544	1.0009976162548697	1.000000237692516	1.133907379497374e-5	0.00010320706437800961
72.0	1.0010240725786974	1.0010239610600438	1.0010217250061704	1.001026009300785	1.0000002441683802	1.1140456728239755e-5	0.000108436842413354
73.0	1.0010527920528631	1.0010526825360448	1.0010503639447295	1.0010548039644267	1.0000002507235541	1.0940164110242984e-5	0.00011377277981213847
74.0	1.0010819118636463	1.0010818043654472	1.001079401481147	1.0010840004207486	1.00000025735773	1.0738202112641616e-5	0.00011921521003683908
75.0	1.001111432185025	1.0011113267221845	1.0011088377804445	1.0011135988469964	1.000000264070601	1.0534575579709746e-5	0.00012476445837857365
76.0	1.0011413531934223	1.001141249782633	1.0011386730102538	1.0011435994227038	1.0000002708618605	1.032928955887746e-5	0.00013042084328751215
77.0	1.0011716750677089	1.0011715737256273	1.0011689073408063	1.0011740023297069	1.0000002777312014	1.0122348058691498e-5	0.00013618467359995145
78.0	1.0012023979892057	1.0012022987324671	1.0011995409449541	1.001204807752161	1.000000284678317	9.913753583226218e-6	0.00014205625162104607
79.0	1.0012335221416886	1.0012334249868977	1.0012305739981318	1.0012360158765234	1.0000002917028998	9.703509593965468e-6	0.00014803587354568718
80.0	1.0012650477113902	1.001264952675142	1.0012620066783922	1.0012676268915897	1.0000002988046435	9.49161747147974e-6	0.00015412382648624496
81.0	1.0012969748870049	1.0012968819858947	1.001293839166396	1.0012996409884931	1.0000003059832412	9.278077580183212e-6	0.0001603203929965228
82.0	1.0013293038596902	1.0013292131103047	1.0013260716453867	1.0013320583606913	1.0000003132383848	9.062891219896466e-6	0.0001666258503170824
83.0	1.0013620348230723	1.0013619462420078	1.0013587043012249	1.0013648792040013	1.0000003205697674	8.84605780956707e-6	0.00017304046722584225
84.0	1.001395167973248	1.001395081577118	1.0013917373223722	1.0013981037165953	1.0000003279770824	8.627576084951661e-6	0.0001795645087168262
85.0	1.0014287035087892	1.0014286193142246	1.0014251708998836	1.0014317320990043	1.0000003354600222	8.407444719576443e-6	0.0001861982344029272
86.0	1.001462641630746	1.0014625596544104	1.001459005227427	1.0014657645541367	1.00000034301828	8.18566086140472e-6	0.00019294189849327598
87.0	1.0014969825426503	1.0014969028012366	1.0014932405012602	1.0015002012872651	1.0000003506515478	7.962222062010325e-6	0.00019979575136702438
88.0	1.0015317264505204	1.0015316489607637	1.0015278769202516	1.001535042506057	1.0000003583595174	7.737124502885043e-6	0.0002067600370673253
89.0	1.001566873562863	1.001566798341548	1.0015629146858749	1.0015702884205675	1.0000003661418821	7.5103637051261665e-6	0.00021383499658234395
90.0	1.001602424090679	1.0016023511546397	1.0015983540022002	1.0016059392432477	1.0000003739983343	7.281935172474432e-6	0.00022102086682469218
91.0	1.0016383782474654	1.0016383076136037	1.0016341950759113	1.0016419951889588	1.0000003819285652	7.0518325957220945e-6	0.00022831788023182058
92.0	1.001674736249221	1.001674667934495	1.0016704381162862	1.0016784564749617	1.000000389932267	6.8200508234894565e-6	0.00023572626662766484
93.0	1.0017114983144493	1.0017114323359002	1.0017070833352255	1.0017153233209528	1.0000003980091312	6.586581982902877e-6	0.00024324625025143415
94.0	1.0017486646641618	1.0017486010389056	1.0017441309472264	1.0017525959490399	1.0000004061588506	6.351419115301757e-6	0.000250878054966502
95.0	1.0017862355218836	1.001786174267117	1.0017815811693964	1.001790274583762	1.0000004143811148	6.114554624564678e-6	0.0002586218993162871
96.0	1.0018242111136568	1.0018241522466784	1.0018194342214688	1.0018283594521122	1.000000422675617	5.87597881443914e-6	0.0002664779985853327
97.0	1.0018625916680441	1.0018625352062434	1.001857690325772	1.0018668507835093	1.0000004310420467	5.63568310264234e-6	0.0002744465681011296
98.0	1.0019013774161334	1.0019013233770127	1.001896349707267	1.0019057488098422	1.000000439480096	5.393656696343401e-6	0.00028252781789156565
99.0	1.0019405685915423	1.0019405169927011	1.0019354125935094	1.001945053765433	1.0000004479894549	5.149890404407576e-6	0.0002907219576047478
100.0	1.0019801654304221	1.0019801162895778	1.0019748792146883	1.0019847658870864	1.000000456569814	4.9043729584744184e-6	0.00029902919114480205
101.0	1.0020201681714618	1.002020121506464	1.002014749803622	1.0020248854140832	1.0000004652208652	4.657091678207613e-6	0.00030744972323131154
102.0	1.0020605770558928	1.0020605328847108	1.002055024595739	1.0020654125881665	1.000000473942295	4.408035108529846e-6	0.000315983756871751
103.0	1.0021013923274933	1.002101350668235	1.0020957038291012	1.002106347653574	1.0000004827337967	4.157189939484209e-6	0.0003246314915657671
104.0	1.002142614232593	1.002142575103501	1.0021367877443903	1.002147690857025	1.000000491595057	3.904543288839228e-6	0.0003333931258971521
105.0	1.0021842430200771	1.0021842064395445	1.0021782765849332	1.002189442447746	1.000000500525768	3.6500805972353217e-6	0.00034226885580459425
106.0	1.0022262789413907	1.002226244927959	1.0022201705966791	1.0022316026774576	1.0000005095256166	3.3937876447139485e-6	0.0003512588774613097
107.0	1.0022687222505444	1.0022686908229115	1.0022624700282177	1.0022741718003945	1.0000005185942933	3.135649376540148e-6	0.0003603633839062236
108.0	1.0023115732041183	1.0023115443811406	1.002305175130774	1.0023171500733028	1.0000005277314852	2.8756505015844766e-6	0.00036958256772408554
109.0	1.002354832061266	1.002354805861974	1.0023482861582267	1.0023605377554592	1.0000005369368814	2.6137742076101263e-6	0.0003789166194493406
110.0	1.0023984990837214	1.0023984755273214	1.0023918033670967	1.0024043351086678	1.0000005462101698	2.350003512905758e-6	0.0003883657298692079
111.0	1.002442574535801	1.0024425536416763	1.0024357270165536	1.0024485423972644	1.0000005555510372	2.084321355000908e-6	0.0003979300883610828
112.0	1.0024870586844108	1.0024870404721258	1.0024800573684107	1.002493159888123	1.0000005649591726	1.8167102363714949e-6	0.00040760988342325417
113.0	1.0025319517990496	1.0025319362883633	1.0025247946871496	1.0025381878506714	1.000000574434262	1.5471513165316404e-6	0.0004174053013449337
114.0	1.0025772541518159	1.002577241362685	1.0025699392399143	1.002583626556896	1.0000005839759927	1.275625475491392e-6	0.0004273165288190518
115.0	1.0026229660174109	1.0026229559699897	1.0026154912964966	1.0026294762813321	1.00000059358405	1.0021136018089408e-6	0.0004373437532510297
116.0	1.0026690876731443	1.0026690803877931	1.002661451129369	1.0026757373010893	1.0000006032581208	7.265957732976105e-7	0.0004474871584388693
117.0	1.0027156193989404	1.0027156148962326	1.0027078190136696	1.0027224098958516	1.000000612997891	4.490513237340999e-7	0.0004577469296883368
118.0	1.0027625614773417	1.0027625597780714	1.002754595227215	1.0027694943478846	1.0000006228030458	1.6945888740987252e-7	0.000468123251264808
119.0	1.0028099141935152	1.0028099153186976	1.0028017800504974	1.0028169909420361	1.0000006326732696	1.1220295848475538e-7	0.00047861630825232646
120.0	1.002857677835257	1.0028576818061388	1.0028493737666964	1.0028648999657517	1.000000642608248	3.959566679623244e-7	0.0004892262835187027
121.0	1.0029058526929981	1.0029058595310514	1.002897376661672	1.0029132217090664	1.0000006526076648	6.818240432436839e-7	0.0004999533613459618
122.0	1.0029544390598097	1.0029544487867523	1.0029457890239855	1.0029619564646342	1.0000006626712041	9.69828957917412e-7	0.0005107977239306411
123.0	1.0030034372314087	1.003003449869201	1.0029946111448864	1.003011104527715	1.0000006727985489	1.2599949211577191e-6	0.0005217595553902128
124.0	1.0030528475061624	1.0030528630770084	1.0030438433183244	1.0030606661961838	1.0000006829893833	1.5523455204436823e-6	0.0005328390388613115
125.0	1.0031026701850951	1.003102688711461	1.0030934858409661	1.0031106417705535	1.0000006932433891	1.8469062365669406e-6	0.0005440363565208597
126.0	1.0031529055718935	1.0031529270765014	1.0031435390121746	1.003161031553958	1.0000007035602483	2.1437018975629494e-6	0.0005553516929496817
127.0	1.0032035539729116	1.0032035784787454	1.0031940031340307	1.003211835852171	1.0000007139396445	2.4427578739722593e-6	0.0005667852305266458
128.0	1.003254615697177	1.0032546432274956	1.0032448785113435	1.0032630549736203	1.0000007243812574	2.744100853224441e-6	0.0005783371526815737
129.0	1.003306091056397	1.0033061216347265	1.003296165451631	1.0033146892293707	1.0000007348847684	3.047756803105883e-6	0.0005900076435838455
130.0	1.0033579803649628	1.0033580140151137	1.003347864265156	1.0033667389331602	1.000000745449858	3.3537532512299367e-6	0.0006017968859056817
131.0	1.0034102839399577	1.003410320686025	1.003399975264908	1.003419204401387	1.0000007560762072	3.662117868256287e-6	0.0006137050644063089
132.0	1.0034630021011615	1.0034630419675274	1.0034524987666165	1.0034720859531183	1.0000007667634947	3.972878511983872e-6	0.0006257323633631729
133.0	1.0035161351710564	1.0035161781823978	1.0035054350887544	1.0035253839101026	1.0000007775114002	4.286063758215153e-6	0.0006378789674116182
134.0	1.0035696834748338	1.0035697296561272	1.003558784552551	1.0035790985967756	1.000000788319602	4.601702723433635e-6	0.0006501450613222133
135.0	1.0036236473403997	1.0036236967169243	1.0036125474819824	1.0036332303402598	1.000000799187778	4.919824754788115e-6	0.0006625308307516648
136.0	1.0036780270983814	1.0036780796957279	1.0036667242037933	1.0036877794703853	1.000000810115607	5.240460093590046e-6	0.0006750364609138011
137.0	1.0037328230821332	1.0037328789262034	1.003721315047491	1.0037427463196806	1.0000008211027656	5.5636389458162515e-6	0.0006876621391446308
138.0	1.003788035627743	1.0037880947447584	1.0037763203453582	1.0037981312233935	1.0000008321489307	5.88939230044516e-6	0.0007004080508963691
139.0	1.0038436650740385	1.0038437274905396	1.0038317404324466	1.0038539345194821	1.0000008432537775	6.217751154921131e-6	0.0007132743846916267
140.0	1.0038997117625934	1.0038997775054517	1.003887575646605	1.0039101565486424	1.000000854416983	6.5487475988023026e-6	0.0007262613268789048
141.0	1.0039561760377338	1.0039562451341566	1.0039438263284641	1.0039667976543027	1.0000008656382222	6.882414238270254e-6	0.0007393690666305334
142.0	1.004013058246545	1.004013130724073	1.0040004928214525	1.0040238581826264	1.0000008769171687	7.2187833996710405e-6	0.0007525977934191789
143.0	1.0040703587388782	1.004070434625386	1.0040575754717878	1.0040813384825185	1.0000008882534979	7.557887461162156e-6	0.0007659476961759783
144.0	1.004128077867356	1.0041281571910772	1.0041150746285192	1.0041392389056627	1.000000899646882	7.899761284998205e-6	0.0007794189633998678
145.0	1.0041862159873804	1.0041862987768915	1.004172990643492	1.004197559806483	1.0000009110969952	8.244438103849947e-6	0.0007930117883086568
146.0	1.0042447734571387	1.0042448597413796	1.0042313238713827	1.0042563015421881	1.0000009226035096	8.59195319147996e-6	0.0008067263609644503
147.0	1.00430375063761	1.0043038404458675	1.0042900746696757	1.0043154644727441	1.000000934166095	8.942340147626059e-6	0.0008205628747736279
148.0	1.0043631478925734	1.0043632412545063	1.004349243398706	1.00437504896092	1.0000009457844266	9.2956350546378e-6	0.0008345215201390908
149.0	1.0044229655886132	1.0044230625342454	1.0044088304216412	1.004435055372267	1.0000009574581714	9.651873315325632e-6	0.000848602492109039
150.0	1.0044832040951268	1.004483304654862	1.0044688361045027	1.0044954840751423	1.0000009691870007	1.0011091753006995e-5	0.0008628059839190165
151.0	1.0045438637843318	1.0045439679889399	1.0045292608161445	1.0045563354406952	1.0000009809705848	1.0373325825806352e-5	0.000877132191787836
152.0	1.004604945031272	1.0046050529119108	1.0045901049282988	1.004617609842904	1.0000009928085902	1.073861316332832e-5	0.0008915813094997404
153.0	1.0046664482138261	1.0046665598020441	1.0046513688155632	1.0046793076585643	1.000001004700688	1.110699159880976e-5	0.0009061535341724297
154.0	1.0047283737127137	1.0047284890404429	1.004713052855397	1.0047414292672936	1.0000010166465436	1.1478498284883767e-5	0.0009208490635361082
155.0	1.004790721911503	1.00479084101107	1.0047751574281416	1.0048039750515494	1.0000010286458247	1.1853171439403582e-5	0.0009356680946720945
156.0	1.0048534931966178	1.0048536161007455	1.004837682917028	1.0048669453966323	1.0000010406981976	1.223104946104784e-5	0.0009506108261329616
157.0	1.004916687957345	1.0049168146991696	1.0049006297081886	1.004930340690705	1.000001052803327	1.2612172343217826e-5	0.0009656774568577972
158.0	1.0049803065858425	1.0049804371988929	1.0049639981906366	1.0049941613247688	1.0000010649608797	1.2996578094056422e-5	0.000980868188446406
159.0	1.005044349477146	1.0050444839953745	1.0050277887563182	1.005058407692715	1.0000010771705172	1.3384307729915278e-5	0.000996183219677536
160.0	1.0051088170291766	1.0051089554869372	1.0050920018000673	1.0051230801912865	1.0000010894319056	1.3775400060593881e-5	0.0010116227542407282
161.0	1.005173709642749	1.0051738520748252	1.0051566377196661	1.0051881792201312	1.0000011017447066	1.4169896682238647e-5	0.0010271869925593373
162.0	1.0052390277215788	1.0052391741631694	1.0052216969158088	1.0052537051817712	1.0000011141085823	1.4567837757305647e-5	0.001042876139300614
163.0	1.0053047716722898	1.0053049221590276	1.00528717979214	1.0053196584816406	1.0000011265231954	1.496926523957859e-5	0.0010586903976297101
164.0	1.0053709419044226	1.0053710964723697	1.0053530867552438	1.005386039528074	1.0000011389882042	1.537422066480551e-5	0.001074629973073811
165.0	1.005437538830442	1.0054376975160897	1.0054194182146539	1.005452848732317	1.000001151503271	1.5782745481904827e-5	0.0010906950712449288
166.0	1.005504562865745	1.005504725706029	1.0054861745828705	1.0055200865085456	1.0000011640680548	1.619488264276661e-5	0.0011068858978603305
167.0	1.005572014428669	1.0055721814609615	1.0055533562753545	1.0055877532738609	1.0000011766822126	1.6610674327165106e-5	0.0011232026606399863
168.0	1.0056398939404994	1.0056400652026236	1.0056209637105535	1.005655849448311	1.0000011893454035	1.7030164106648854e-5	0.0011396455670519671
169.0	1.0057082018254777	1.005708377355698	1.0056889973098877	1.0057243754548806	1.0000012020572846	1.745339453731791e-5	0.0011562148262318063
170.0	1.0057769385108108	1.005777118347855	1.0057574574977841	1.0057933317195273	1.0000012148175115	1.7880410383194127e-5	0.0011729106467724478
171.0	1.0058461044266778	1.0058462886097315	1.0058263447016609	1.0058627186711655	1.0000012276257406	1.8311255855832717e-5	0.001189733240652412
172.0	1.0059157000062389	1.0059158885749397	1.0058956593519397	1.005932536741674	1.0000012404816256	1.8745974526004166e-5	0.0012066828188841154
173.0	1.0059857256856441	1.0059859186800926	1.0059654018820623	1.0060027863659193	1.000001253384821	1.918461102327566e-5	0.001223759591865677
174.0	1.0060561819040414	1.0060563793648103	1.0060355727285017	1.006073467981766	1.0000012663349798	1.962721092507672e-5	0.0012409637724253909
175.0	1.0061270691035848	1.0061272710717257	1.0061061723307718	1.0061445820300783	1.0000012793317545	2.007382040304264e-5	0.0012582955745390407
176.0	1.0061983877294438	1.0061985942464728	1.0061772011314012	1.0062161289547136	1.0000012923747963	2.052448419235822e-5	0.0012757552138574306
177.0	1.0062701382298116	1.0062703493377159	1.006248659575982	1.006288109202548	1.0000013054637558	2.0979247644194915e-5	0.0012933429034008603
178.0	1.0063423210559135	1.0063425367971799	1.0063205481131858	1.0063605232235076	1.0000013185982832	2.1438158953789472e-5	0.0013110588582804215
179.0	1.0064149366620163	1.0064151570796007	1.0063928671947202	1.0064333714705196	1.000001331778028	2.190126322426996e-5	0.0013289032971958428
180.0	1.0064879855054367	1.0064882106427886	1.006465617275387	1.0065066543995762	1.0000013450026368	2.23686079828765e-5	0.001346876435637103
181.0	1.0065614680465507	1.0065616979476113	1.006538798813069	1.0065803724697169	1.0000013582717582	2.284024055474978e-5	0.0013649784920167704
182.0	1.0066353847488014	1.0066356194580042	1.006612412268744	1.0066545261430384	1.0000013715850382	2.331620826129667e-5	0.0013832096853508965
183.0	1.0067097360787105	1.006709975640983	1.0066864581064905	1.0067291158847111	1.0000013849421223	2.3796558618468533e-5	0.0014015702344408205
184.0	1.006784522505884	1.0067847669666607	1.0067609367935053	1.006804142162991	1.0000013983426554	2.428134037303413e-5	0.0014200603594815308
185.0	1.006859744503025	1.0068599939082394	1.0068358488001	1.0068796054492135	1.0000014117862797	2.4770601450940523e-5	0.0014386802817064196
186.0	1.00693540254594	1.0069356569420311	1.0069111945997171	1.0069555062178168	1.0000014252726412	2.526439039073128e-5	0.0014574302221500828
187.0	1.00701149711355	1.0070117565474694	1.0069869746689484	1.007031844946352	1.0000014388013794	2.5762756453327795e-5	0.0014763104032562671
188.0	1.0070880286878996	1.0070882932071015	1.0070631894875146	1.0071086221154735	1.0000014523721354	2.6265747813564016e-5	0.0014953210478391096
189.0	1.0071649977541657	1.0071652674066345	1.0071398395383255	1.007185838208987	1.0000014659845498	2.677341541849495e-5	0.0015144623785960751
190.0	1.007242404800668	1.0072426796348928	1.007216925307428	1.0072634937138085	1.0000014796382617	2.7285807607159777e-5	0.0015337346216114307
191.0	1.007320250318879	1.007320530383872	1.007294447284062	1.007341589120015	1.000001493332909	2.780297456404335e-5	0.0015531380002026028
192.0	1.0073985348034313	1.0073988201487265	1.007372405960655	1.007420124920836	1.0000015070681296	2.8324966268268495e-5	0.0015726727398789478
193.0	1.0074772587521306	1.0074775494277965	1.0074508018328374	1.007499101612676	1.0000015208435589	2.8851833970083193e-5	0.0015923390666197593
194.0	1.0075564226659635	1.0075567187225878	1.0075296353994303	1.0075785196951004	1.0000015346588325	2.9383627325179694e-5	0.0016121372089218063
195.0	1.0076360270491078	1.0076363285378065	1.0076089071624796	1.0076583796708638	1.000001548513585	2.9920396907193552e-5	0.0016320673926174937
196.0	1.0077160724089427	1.0077163793813626	1.0076886176272528	1.0077386820459182	1.0000015624074485	3.046219350198657e-5	0.0016521298451489233
197.0	1.0077965592560592	1.0077968717643995	1.0077687673022802	1.0078194273294414	1.0000015763400567	3.1009069980084716e-5	0.0016723247949483116
198.0	1.0078774881042691	1.0078778062012521	1.0078493566993054	1.0079006160337947	1.0000015903110397	3.156107629456731e-5	0.0016926524735947608
199.0	1.007958859470617	1.0079591832095094	1.0079303863333464	1.0079822486745853	1.0000016043200275	3.211826448259106e-5	0.0017131131088713272
200.0	1.008040673875389	1.0080410033099974	1.008011856722683	1.0080643257706512	1.0000016183666518	3.268068608709021e-5	0.001733706931285054
201.0	1.0081229318421236	1.0081232670267932	1.00809376838887	1.0081468478440723	1.0000016324505376	3.3248392531147666e-5	0.0017544341712664023
202.0	1.0082056338976229	1.0082059748872554	1.0081761218567653	1.0082298154202032	1.0000016465713135	3.382143692372766e-5	0.001775295059850019
203.0	1.0082887805719616	1.0082891274220072	1.008258917654517	1.0083132290276577	1.0000016607286049	3.4399871570239395e-5	0.0017962898296194037
204.0	1.0083723723984992	1.008372725164948	1.0083421563135686	1.0083970891983152	1.0000016749220373	3.4983747906537876e-5	0.001817418713581122
205.0	1.0084564099138897	1.008456768653294	1.0084258383687084	1.008481396467368	1.000001689151234	3.5573119537537644e-5	0.0018386819427843705
206.0	1.008540893658093	1.0085412584275544	1.0085099643580426	1.0085661513732918	1.0000017034158188	3.6168038757443615e-5	0.0018600797520223508
207.0	1.0086258241743848	1.0086261950315631	1.008594534823021	1.0086513544578808	1.0000017177154108	3.676855870745387e-5	0.0018816123741264112
208.0	1.008711202009369	1.0087115790124759	1.0086795503084374	1.0087370062662437	1.0000017320496335	3.737473185625291e-5	0.001903280044103436
209.0	1.008797027712987	1.0087974109207978	1.008765011362466	1.0088231073468332	1.0000017464181044	3.798661180490964e-5	0.001925082995588766
210.0	1.0088833018385304	1.0088836913103818	1.008850918536643	1.0089096582514396	1.0000017608204421	3.860425192156413e-5	0.0019470214643443114
211.0	1.0089700249426508	1.008970420738437	1.0089372723858971	1.0089966595352067	1.0000017752562642	3.922770512117706e-5	0.001969095686164664
212.0	1.0090571975853722	1.0090575997655613	1.009024073468558	1.0090841117566585	1.0000017897251856	3.98570259559353e-5	0.0019913058957085144
213.0	1.0091448203301017	1.0091452289557161	1.0091113223463477	1.0091720154776733	1.0000018042268228	4.049226693972034e-5	0.002013652331756158
214.0	1.0092328937436408	1.0092333088762733	1.0091990195844232	1.009260371263537	1.000001818760787	4.113348217892925e-5	0.002036135228932352
215.0	1.0093214183961974	1.0093218400980117	1.0092871657513731	1.0093491796829337	1.0000018333266925	4.17807258095403e-5	0.0020587548243062165
216.0	1.0094103948613973	1.0094108231951149	1.009375761419211	1.0094384413079465	1.0000018479241493	4.243405058897589e-5	0.002081511356794003
217.0	1.009499823716295	1.0095002587452138	1.0094648071634273	1.0095281567140997	1.000001862552769	4.3093511107769154e-5	0.002104405061788672
218.0	1.0095897055413876	1.0095901473293785	1.0095543035629713	1.009618326480348	1.0000018772121582	4.375916161110385e-5	0.00212743617903353
219.0	1.0096800409206235	1.0096804895321307	1.0096442512002741	1.0097089511890929	1.0000018919019253	4.4431056284567565e-5	0.0021506049463279136
220.0	1.0097708304414172	1.0097712859414576	1.0097346506612492	1.009800031426196	1.0000019066216779	4.510924920990778e-5	0.002173911603022431
221.0	1.0098620746946598	1.0098625371488164	1.0098255025353118	1.0098915677809808	1.0000019213710183	4.579379383708403e-5	0.0021973563882128205
222.0	1.0099537742747315	1.0099542437491633	1.0099168074153961	1.0099835608462644	1.000001936149553	4.648474452325553e-5	0.002220939539990193
223.0	1.0100459297795137	1.0100464063409593	1.0100085658979705	1.0100760112183613	1.0000019509568825	4.718215593851899e-5	0.002244661297703652
224.0	1.0101385418104014	1.0101390255261682	1.0101007785830265	1.0101689194970835	1.000001965792609	4.788608163666543e-5	0.0022685219020893033
225.0	1.0102316109723155	1.0102321019102976	1.010193446074127	1.010262286285781	1.000001980656332	4.8596576934720294e-5	0.002292521591816195
226.0	1.0103251378737153	1.0103256361023698	1.0102865689783733	1.0103561121913105	1.00000199554765	4.9313694758078264e-5	0.0023166606091775525
227.0	1.0104191231266106	1.0104196287149798	1.0103801479064647	1.010450397824097	1.0000020104661609	5.003749014628877e-5	0.0023409391918232715
228.0	1.0105135673465753	1.0105140803642783	1.010474183472683	1.0105451437981132	1.0000020254114599	5.076801732930699e-5	0.0023653575821650954
229.0	1.0106084711527592	1.0106089916699839	1.010568676294902	1.0106403507308965	1.000002040383142	5.150532966165574e-5	0.0023899160202087277
230.0	1.0107038351679014	1.0107043632554207	1.0106636269946285	1.010736019243581	1.0000020553808	5.2249482083099196e-5	0.0024146147459254445
231.0	1.0107996600183424	1.0108001957475046	1.0107590361969827	1.0108321499608868	1.0000020704040262	5.300052852546092e-5	0.0024394540014685507
232.0	1.0108959463340388	1.0108964897767674	1.0108549045307316	1.010928743511146	1.0000020854524103	5.3758522879262596e-5	0.0024644340275893043
233.0	1.010992694748574	1.0109932459773692	1.0109512326282901	1.0110258005263106	1.0000021005255417	5.452351912521888e-5	0.0024895550649530035
234.0	1.0110899058991731	1.0110904649871106	1.011048021125744	1.0111233216419686	1.0000021156230092	5.529557107035878e-5	0.0025148173553006326
235.0	1.011187580426716	1.011188147447447	1.0111452706628572	1.0112213074973546	1.0000021307443978	5.607473250151554e-5	0.002540221139359562
236.0	1.0112857189757507	1.011286294003507	1.0112429818830977	1.0113197587353746	1.0000021458892925	5.686105771199027e-5	0.0025657666584884722
237.0	1.0113843221945058	1.011384905304092	1.0113411554336267	1.011418676002599	1.0000021610572771	5.765460007395421e-5	0.0025914541546964713
238.0	1.0114833907349052	1.011483982001699	1.01143979196533	1.0115180599492861	1.0000021762479343	5.845541302644615e-5	0.0026172838695865024
239.0	1.0115829252525814	1.0115835247525344	1.0115388921328299	1.011617911229402	1.0000021914608421	5.926355003113171e-5	0.002643256043935885
240.0	1.0116829264068896	1.0116835342165253	1.0116384565944923	1.0117182305006236	1.000002206695581	6.007906428665892e-5	0.0026693709195599407
241.0	1.0117833948609205	1.0117840110573315	1.0117384860124459	1.0118190184243576	1.0000022219517295	6.090200868458711e-5	0.0026956287373775174
242.0	1.0118843312815156	1.0118849559423746	1.0118389810526083	1.0119202756657655	1.000002237228862	6.173243716973785e-5	0.002722029738418373
243.0	1.01198573633928	1.011986369542821	1.0119399423846656	1.0120220028937474	1.0000022525265542	6.257040177725852e-5	0.0027485741655101665
244.0	1.0120876107085979	1.012088252533626	1.012041370682121	1.0121242007809879	1.000002267844379	6.341595544149372e-5	0.002775262258733165
245.0	1.0121899550676454	1.0121906055935392	1.0121432666223016	1.0122268700039594	1.0000022831819069	6.426915131517434e-5	0.002802094259587388
246.0	1.0122927700984061	1.012293429405094	1.0122456308863401	1.0123300112429139	1.0000022985387078	6.513004018068431e-5	0.002829070409716953
247.0	1.0123960564866847	1.0123967246546761	1.012348464159253	1.012433625181946	1.0000023139143517	6.599867582443698e-5	0.002856190948582343
248.0	1.0124998149221223	1.0125004920324796	1.0124517671298912	1.0125377125089585	1.0000023293084035	6.687510924542168e-5	0.002883456118196169
249.0	1.0126040460982098	1.0126047322325562	1.0125555404909894	1.0126422739157024	1.00000234472043	6.775939214288178e-5	0.002910866158777143
250.0	1.0127087507123045	1.0127094459528263	1.0126597849391792	1.0127473100977928	1.0000023601499932	6.865157641134987e-5	0.0029384213109191364
251.0	1.012813929465643	1.0128146338950836	1.0127645011749933	1.0128528217547137	1.0000023755966565	6.955171330713856e-5	0.0029661218151059176
252.0	1.0129195830633582	1.012920296765017	1.012869689902888	1.0129588095898372	1.0000023910599787	7.045985395254612e-5	0.0029939679115331638
253.0	1.0130257122144926	1.0130264352722171	1.0129753518312465	1.0130652743104318	1.0000024065395205	7.13760485903685e-5	0.0030219598405662215
254.0	1.013132317632014	1.013133050130205	1.0130814876724152	1.0131722166276933	1.0000024220348365	7.230034796479598e-5	0.003050097840523501
255.0	1.0132394000328313	1.013240142056439	1.0131880981427004	1.0132796372567472	1.0000024375454846	7.323280240043488e-5	0.0030783821522772647
256.0	1.0133469601378102	1.0133477117723317	1.0132951839623945	1.0133875369166678	1.0000024530710165	7.417346191177474e-5	0.0031068130143188377
257.0	1.013454998671787	1.0134557600032585	1.013402745855776	1.0134959163304866	1.0000024686109852	7.512237569911693e-5	0.0031353906666574294
258.0	1.0135635163635854	1.0135642874785853	1.0135107845511493	1.0136047762252232	1.0000024841649415	7.607959317834016e-5	0.003164115346829009
259.0	1.0136725139460334	1.0136732949316776	1.0136193007808387	1.0137141173318867	1.000002499732433	7.704516334522869e-5	0.003192987293071345
260.0	1.0137819921559763	1.013782783099915	1.0137282952812179	1.0138239403854992	1.000002515313007	7.801913477538532e-5	0.0032220067440580143
261.0	1.013891951734295	1.013892752724717	1.0138377687927254	1.0139342461251148	1.0000025309062086	7.900155639065355e-5	0.0032511739371212096
262.0	1.014002393425921	1.0140032045515368	1.0139477220598627	1.0140450352938182	1.0000025465115807	7.999247546591317e-5	0.003280489110571043
263.0	1.014113317979853	1.0141141393298967	1.0140581558312298	1.014156308638757	1.0000025621286646	8.09919393813009e-5	0.003309952500823615
264.0	1.0142247261491728	1.0142255578134052	1.014169070859541	1.01426806691116	1.0000025777570016	8.199999575320176e-5	0.0033395643440412835
265.0	1.014336618691062	1.0143374607597588	1.0142804679016257	1.0143803108663376	1.0000025933961283	8.301669103280812e-5	0.003369324877005651
266.0	1.0144489963668186	1.0144498489307776	1.0143923477184693	1.014493041263721	1.0000026090455818	8.404207230128405e-5	0.0033992343352974644
267.0	1.014561859941873	1.0145627230923855	1.0145047110751868	1.014606258866838	1.000002624704896	8.507618376738396e-5	0.0034292929553299085
268.0	1.0146752101858054	1.0146760840146916	1.014617558741109	1.0147199644433975	1.0000026403736026	8.61190731149059e-5	0.003459500969224091
269.0	1.0147890478723627	1.0147899324719327	1.0147308914897253	1.014834158765232	1.0000026560512336	8.71707841047098e-5	0.0034898586148746167
270.0	1.0149033737794746	1.0149042692425376	1.014844710098743	1.0149488426083597	1.0000026717373158	8.823136134609915e-5	0.0035203661247406545
271.0	1.0150181886892717	1.015019095109132	1.0149590153500998	1.0150640167529925	1.0000026874313783	8.930084902723621e-5	0.0035510237320374705
272.0	1.0151334933881022	1.0151344108585578	1.0150738080299715	1.0151796819835501	1.0000027031329453	9.037929115568238e-5	0.003581831670054914
273.0	1.0152492886665498	1.0152502172818878	1.0151890889288053	1.0152958390886824	1.000002718841539	9.146673120826002e-5	0.003612790171213843
274.0	1.01536557531945	1.0153665151744249	1.0153048588412976	1.015412488861262	1.0000027345566813	9.256321051278562e-5	0.0036438994691194754
275.0	1.0154823541459088	1.0154833053357593	1.0154211185664672	1.0155296320984446	1.0000027502778899	9.36687719443413e-5	0.0036751597924783606
276.0	1.0155996259493199	1.0156005885697612	1.015537868907642	1.0156472696016619	1.0000027660046842	9.478345765029197e-5	0.0037065713734508016
277.0	1.0157173915373827	1.0157183656845847	1.0156551106724658	1.015765402176626	1.0000027817365784	9.590730749828077e-5	0.003738134442879693
278.0	1.0158356517221199	1.0158366374927257	1.0157728446729464	1.0158840306333807	1.0000027974730845	9.704036318661748e-5	0.0037698492296543134
279.0	1.0159544073198963	1.0159554048109898	1.01589107172544	1.0160031557862814	1.0000028132137162	9.818266315052228e-5	0.0038017159637684416
280.0	1.016073659151436	1.0160746684605626	1.0160097926507061	1.0161227784540556	1.0000028289579799	9.933424780850547e-5	0.003833734871967474
281.0	1.016193408041842	1.0161944292669818	1.0161290082738927	1.0162428994597794	1.000002844705384	0.00010049515492857762	0.0038659061831448163
282.0	1.016313654820613	1.0163146880601943	1.0162487194245806	1.016363519630933	1.0000028604554334	0.000101665423496621	0.0038982301242516102
283.0	1.0164344003216639	1.0164354456745426	1.0163689269367815	1.0164846397993874	1.0000028762076314	0.0001028450904822523	0.003930706922151694
284.0	1.0165556453833424	1.0165567029487996	1.0164896316489653	1.0166062608014412	1.0000028919614783	0.0001040341925216283	0.003963336802286075
285.0	1.0166773908484499	1.0166784607261865	1.0166108344040803	1.0167283834778362	1.000002907716473	0.00010523276569895643	0.003996119988998188
286.0	1.0167996375642594	1.0168007198543958	1.0167325360495794	1.0168510086737808	1.000002923472112	0.00010644084600512945	0.0040290567075188894
287.0	1.0169223863825343	1.0169234811855936	1.016854737437416	1.016974137238953	1.0000029392278895	0.00010765846774354473	0.004062147181582398
288.0	1.0170456381595485	1.0170467455764558	1.0169774394240823	1.0170977700275372	1.000002954983298	0.00010888566508093484	0.004095391633751616
289.0	1.0171693937561055	1.0171705138881766	1.0171006428706253	1.0172219078982299	1.0000029707378288	0.00011012247104300744	0.004128790286354344
290.0	1.0172936540375572	1.0172947869864926	1.0172243486426604	1.0173465517142684	1.000002986490968	0.00011136891799505635	0.004162343359712057
291.0	1.017418419873825	1.017419565741713	1.0173485576104075	1.0174717023434579	1.000003002242203	0.00011262503860236085	0.004196051074866229
292.0	1.0175436921394176	1.017544851028717	1.0174732706486866	1.017597360658168	1.000003017991016	0.00011389086369120812	0.004229913652352465
293.0	1.0176694717134531	1.0176706437269838	1.01759848863695	1.0177235275353678	1.0000030337368886	0.00011516642320978638	0.004263931310277323
294.0	1.0177957594796774	1.0177969447206119	1.0177242124592996	1.0178502038566382	1.0000030494792995	0.00011645174618482876	0.004298104267218407
295.0	1.0179225563264855	1.017923754898354	1.0178504430045172	1.0179773905082123	1.0000030652177265	0.00011774686207435923	0.004332432738424779
296.0	1.0180498631469408	1.0180510751536167	1.0179771811660794	1.0181050883809741	1.000003080951643	0.0001190517989132448	0.00436691694273054
297.0	1.0181776808387963	1.0181789063844755	1.0181044278421525	1.0182332983704705	1.0000030966805218	0.00012036658259415778	0.0044015570952645475
298.0	1.0183060103045156	1.0183072494937244	1.0182321839356576	1.0183620213769662	1.0000031124038313	0.00012169123979057501	0.004436353408452614
299.0	1.0184348524512925	1.0184361053888826	1.0183604503542723	1.0184912583054457	1.0000031281210402	0.0001230257966042767	0.004471306097641482
300.0	1.0185642081910729	1.0185654749821897	1.018489228010422	1.0186210100656115	1.0000031438316137	0.0001243702759930816	0.004506415376100913
301.0	1.0186940784405754	1.0186953591906707	1.0186185178213527	1.0187512775719474	1.0000031595350132	0.0001257247020884004	0.004541681454258742
302.0	1.0188244641213127	1.01882575893613	1.0187483207091166	1.0188820617437129	1.0000031752307008	0.00012708909757894163	0.004577104543099418
303.0	1.018955366159613	1.0189566751451686	1.0188786376005956	1.0190133635049623	1.0000031909181315	0.0001284634832101899	0.004612684853092467
304.0	1.019086785486641	1.0190881087492365	1.0190094694275507	1.0191451837845928	1.0000032065967641	0.00012984788090118616	0.004648422591792351
305.0	1.0192187230384206	1.0192200606846047	1.019140817126597	1.019277523516324	1.000003222266048	0.00013124230881995285	0.004684317969283937
306.0	1.0193511797558559	1.0193525318924461	1.0192726816392828	1.0194103836387716	1.0000032379254364	0.00013264678720173556	0.004720371189724715
307.0	1.019484156584753	1.0194855233187974	1.0194050639120449	1.0195437650954102	1.0000032535743761	0.00013406133244502817	0.004756582461757199
308.0	1.019617654475843	1.019619035914625	1.0195379648962892	1.0196776688346465	1.0000032692123124	0.0001354859614257452	0.004792951987917658
309.0	1.0197516743848034	1.0197530706358309	1.0196713855483825	1.0198120958098151	1.0000032848386895	0.00013692068986361478	0.004829479972628639
310.0	1.019886217272281	1.0198876284432756	1.019805326829687	1.0199470469792093	1.0000033004529454	0.00013836553243158048	0.004866166618906403
311.0	1.0200212841039142	1.0200227103027937	1.0199397897065612	1.0200825233060928	1.0000033160545192	0.00013982050195084138	0.004903012127770447
312.0	1.0201568758503565	1.020158317185235	1.0200747751504182	1.0202185257587413	1.0000033316428456	0.00014128561132902324	0.004940016700244073
313.0	1.020292993487298	1.0202944500664697	1.0202102841377167	1.0203550553104486	1.0000033472173582	0.00014276087173184203	0.004977180535152384
314.0	1.0204296379954898	1.020431109927409	1.0203463176499934	1.02049211293955	1.000003362777486	0.00014424629238822802	0.005014503831492406
315.0	1.0205668103607666	1.0205682977540607	1.0204828766739067	1.0206296996294697	1.0000033783226556	0.0001457418837244389	0.0050519867849913355
316.0	1.0207045115740705	1.0207060145375013	1.0206199622012184	1.020767816368704	1.0000033938522932	0.00014724765235963325	0.005089629593391942
317.0	1.0208427426314737	1.0208442612739375	1.0207575752288494	1.0209064641508736	1.0000034093658197	0.00014876360484944546	0.0051274324505742284
318.0	1.020981504534203	1.0209830389647274	1.0208957167589057	1.0210456439747495	1.0000034248626537	0.00015028974742487577	0.0051653955497299
319.0	1.0211207982886639	1.021122348616376	1.0210343877986678	1.021185356844249	1.0000034403422124	0.00015182608314371696	0.0052035190845988325
320.0	1.0212606249064637	1.021262191240598	1.0211735893606613	1.0213256037684944	1.0000034558039088	0.0001533726157626643	0.005241803244985678
321.0	1.0214009854044366	1.021402567854304	1.0213133224626332	1.0214663857618056	1.0000034712471548	0.00015492934606274765	0.005280248222085523
322.0	1.0215418808046677	1.0215434794796603	1.021453588127619	1.0216077038437539	1.0000034866713572	0.00015649627515512446	0.005318854203718544
323.0	1.0216833121345172	1.0216849271440855	1.0215943873839408	1.0217495590391619	1.000003502075922	0.00015807340191618266	0.005357621378675689
324.0	1.021825280426646	1.0218269118802843	1.0217357212652325	1.0218919523781373	1.000003517460251	0.00015966072374949696	0.005396549932802446
325.0	1.0219677867190404	1.021969434726275	1.0218775908104756	1.0220348848961016	1.0000035328237444	0.0001612582369126212	0.005435640050474747
326.0	1.0221108320550363	1.022112496725424	1.0220199970640298	1.0221783576338195	1.0000035481657985	0.00016286593738672002	0.005474891915704311
327.0	1.022254417483346	1.022256098926434	1.0221629410756201	1.0223223716373928	1.0000035634858064	0.00016448381727093497	0.005514305712439236
328.0	1.0223985440580814	1.0224002423834264	1.0223064239004267	1.0224669279583432	1.00000357878316	0.00016611187045339159	0.00555388161919532
329.0	1.0225432128387828	1.022544928155906	1.0224504465990345	1.0226120276535706	1.0000035940572467	0.00016775008642106663	0.005593619818872317
330.0	1.0226884248904415	1.0226901573088325	1.02259501023752	1.0227576717854316	1.000003609307451	0.0001693984549742647	0.0056335204882590785
331.0	1.0228341812835282	1.0228359309126314	1.022740115887454	1.0229038614217472	1.0000036245331552	0.00017105696457643107	0.0056735838048078465
332.0	1.0229804830940172	1.0229822500432006	1.0228857646259135	1.023050597635811	1.000003639733737	0.00017272560059684928	0.005713809944958468
333.0	1.0231273314034146	1.0231291157819766	1.0230319575355398	1.0231978815064537	1.0000036549085733	0.00017440434902390138	0.00575419908226866
334.0	1.0232747272987837	1.0232765292159247	1.023178695704535	1.0233457141180347	1.0000036700570367	0.00017609319305773578	0.005794751391253346
335.0	1.0234226718727717	1.0234244914375703	1.0233259802266923	1.0234940965604729	1.0000036851784961	0.00017779211352442916	0.005835467043387546
336.0	1.0235711662236373	1.023573003545059	1.0234738122014557	1.023643029929309	1.0000037002723192	0.00017950109208822302	0.005876346207321607
337.0	1.0237202114552775	1.0237220666421365	1.023622192733898	1.0237925153256817	1.0000037153378682	0.00018122010665258333	0.005917389054671195
338.0	1.0238698086772549	1.0238716818382103	1.023771122934782	1.023942553856392	1.000003730374503	0.00018294913470265375	0.005958595751487306
339.0	1.0240199590048247	1.0240218502483582	1.0239206039205746	1.0240931466339127	1.0000037453815827	0.00018468815152746307	0.0059999664645670175
340.0	1.0241706635589634	1.0241725729933642	1.0240706368134769	1.0242442947764214	1.000003760358458	0.00018643713091527427	0.006041501358413354
341.0	1.0243219234663956	1.0243238511997415	1.024221222741448	1.0243959994078273	1.0000037753044817	0.0001881960447861505	0.0060832005962736
342.0	1.0244737398596235	1.0244756859997726	1.0243723628382475	1.0245482616578074	1.0000037902190004	0.00018996486423367016	0.006125064339854432
343.0	1.0246261138769537	1.02462807853152	1.0245240582434452	1.0247010826618224	1.0000038051013573	0.00019174355794356152	0.006167092750294284
344.0	1.0247790466625264	1.024781029938858	1.0246763101024488	1.024854463561142	1.0000038199508943	0.00019353209241216673	0.006209285985906051
345.0	1.024932539366344	1.0249345413715145	1.0248291195665529	1.0250084055028925	1.0000038347669489	0.0001953304333346018	0.006251644204385231
346.0	1.0250865931443003	1.0250886139850863	1.0249824877929476	1.0251629096400707	1.000003849548853	0.00019713854415408333	0.006294167561744639
347.0	1.025241209158209	1.0252432489410668	1.0251364159447491	1.0253179771315706	1.0000038642959383	0.0001989563860203314	0.006336856212160037
348.0	1.0253963885758337	1.0253984474068893	1.0252909051910428	1.0254736091422272	1.0000038790075338	0.0002007839191339161	0.0063797103088770474
349.0	1.0255521325709167	1.0255542105559523	1.02544595670691	1.0256298068428433	1.0000038936829596	0.00020262110229234693	0.006422730002323666
350.0	1.0257084423232097	1.0257105395676178	1.0256015716734206	1.0257865714101861	1.0000039083215386	0.00020446788986048107	0.006465915445196332
351.0	1.0258653190185023	1.025867435627297	1.0257577512777245	1.0259439040270726	1.0000039229225868	0.0002063242372500569	0.006509266781998274
352.0	1.0260227638486539	1.0260248999264379	1.0259144967130374	1.0261018058823612	1.0000039374854177	0.00020819009667727767	0.00655278416213622
353.0	1.0261807780116223	1.026182933662564	1.0260718091786774	1.0262602781709869	1.0000039520093404	0.00021006541809577903	0.0065964677302173935
354.0	1.0263393627114963	1.0263415380393175	1.0262296898801115	1.0264193220940048	1.0000039664936617	0.00021195015023693067	0.006640317629446097
355.0	1.0264985191585245	1.0265007142664735	1.0263881400289665	1.0265789388586068	1.0000039809376828	0.00021384423922648813	0.0066843340025075
356.0	1.0266582485691478	1.026660463559986	1.026547160843076	1.0267391296781647	1.0000039953407036	0.0002157476298844049	0.00672851698959542
357.0	1.0268185521660296	1.0268207871420032	1.0267067535464955	1.026899895772249	1.0000040097020189	0.00021766026421226142	0.006772866730378056
358.0	1.0269794311780882	1.0269816862409071	1.026866919369541	1.0270612383666653	1.000004024020921	0.00021958208221720875	0.006817383361810089
359.0	1.0271408868405283	1.0271431620913543	1.0270276595488348	1.027223158693498	1.0000040382966966	0.00022151302271354183	0.006862067019233144
360.0	1.027302920394872	1.027305215934277	1.027188975327295	1.0273856579911094	1.0000040525286302	0.0002234530204707098	0.0069069178377561945
361.0	1.0274655330889924	1.027467849016969	1.0273508679542336	1.0275487375042278	1.0000040667160024	0.00022540201127363584	0.006951935947366753
362.0	1.0276287261771453	1.0276310625930547	1.0275133386853241	1.027712398483915	1.0000040808580886	0.00022735992580718667	0.006997121482417374
363.0	1.0277925009200015	1.0277948579225633	1.027676388782663	1.0278766421876409	1.000004094954163	0.00022932669382999868	0.007042474569928602
364.0	1.02795685858468	1.0279592362719476	1.0278400195148008	1.0280414698793034	1.0000041090034932	0.00023130224266339262	0.007087995338534175
365.0	1.0281218004447823	1.0281241989141194	1.028004232156775	1.0282068828292643	1.000004123005345	0.00023328649738792214	0.007133683913939297
366.0	1.0282873277804228	1.0282897471284818	1.0281690279901374	1.028372882314378	1.0000041369589787	0.00023527938093178673	0.007179540419998348
367.0	1.0284534418782652	1.0284558822009593	1.0283344083029924	1.0285394696180292	1.000004150863651	0.00023728081357624368	0.007225564979921202
368.0	1.0286201440315554	1.0286226054240444	1.0285003743900334	1.0287066460301715	1.0000041647186155	0.0002392907141884523	0.007271757714131811
369.0	1.0287874355401556	1.028789918096813	1.0286669275525642	1.0288744128473473	1.000004178523121	0.00024130899849624906	0.0073181187425540965
370.0	1.028955317710578	1.0289578215249646	1.0288340690985416	1.0290427713727293	1.0000041922764127	0.00024333557965206356	0.007364648183571956
371.0	1.0291237918560199	1.0291263170208638	1.0290018003426062	1.0292117229161573	1.0000042059777317	0.00024537036883946056	0.007411346151177404
372.0	1.0292928592963992	1.0292954059035784	1.0291701226061325	1.0293812687941823	1.000004219626315	0.00024741327564180976	0.0074582127609461694
373.0	1.0294625213583888	1.0294650894988862	1.0293390372172297	1.0295514103300707	1.0000042332213943	0.00024946420526153696	0.007505248125415211
374.0	1.029632779375451	1.029635369139348	1.0295085455108108	1.029722148853875	1.0000042467621988	0.00025152306229803655	0.007552452355353431
375.0	1.029803634687875	1.0298062461643034	1.0296786488285952	1.029893485702436	1.0000042602479529	0.000253589746673352	0.007599825559715104
376.0	1.0299750886428116	1.0299777219199624	1.0298493485191968	1.030065422219467	1.0000042736778758	0.00025566415924158716	0.007647367845744815
377.0	1.0301471425943096	1.0301497977593679	1.0300206459380827	1.0302379597555222	1.0000042870511847	0.000257746194546167	0.007695079320698482
378.0	1.0303197979033516	1.0303224750424858	1.0301925424476734	1.030411099668087	1.0000043003670906	0.0002598357461055265	0.007742960087054082
379.0	1.030493055937892	1.0304957551362504	1.0303650394173793	1.0305848433216183	1.0000043136248	0.0002619327071470197	0.00779101024658365
380.0	1.0306669180728927	1.0306696394145267	1.030538138223561	1.0307591920875123	1.0000043268235164	0.00026403696347661716	0.007839229902848625
381.0	1.0308413856903602	1.0308441292582404	1.0307118402496678	1.0309341473442344	1.0000043399624388	0.000266148402489408	0.007887619152253484
382.0	1.0310164601793845	1.0310192260553466	1.0308861468861994	1.0311097104772833	1.0000043530407594	0.0002682669063847516	0.007936178092640777
383.0	1.0311921429361752	1.0311949312008946	1.0310610595307692	1.031285882879261	1.0000043660576692	0.0002703923549489198	0.00798490681983988
384.0	1.0313684353641002	1.0313712460970799	1.0312365795881664	1.0314626659499249	1.0000043790123534	0.0002725246268278932	0.008033805426048686
385.0	1.0315453388737246	1.0315481721532451	1.0314127084703424	1.0316400610961833	1.0000043919039916	0.00027466359584802177	0.008082874005192494
386.0	1.0317228548828477	1.0317257107859563	1.0315894475964973	1.0318180697321793	1.0000044047317598	0.0002768091348515802	0.00813211264592227
387.0	1.0319009848165437	1.0319038634190036	1.0317667983930774	1.0319966932792868	1.0000044174948297	0.00027896111180342756	0.008181521438027394
388.0	1.0320797301071996	1.0320826314834823	1.031944762293854	1.032175933166194	1.0000044301923678	0.000281119393991097	0.008231100466749398
389.0	1.0322590921945547	1.032262016417789	1.0321233407399224	1.0323557908288987	1.000004442823537	0.00028328384378841604	0.008280849819148815
390.0	1.0324390725257413	1.032442019667703	1.032302535179779	1.0325362677107894	1.0000044553874934	0.0002854543227036853	0.008330769575666896
391.0	1.0326196725553236	1.0326226426863834	1.0324823470693254	1.0327173652626456	1.0000044678833901	0.0002876306871449858	0.008380859820750425
392.0	1.0328008937453383	1.0328038869344374	1.0326627778719257	1.0328990849427013	1.0000044803103747	0.00028981279132771085	0.008431120632715639
393.0	1.0329827375653358	1.0329857538799745	1.032843829058468	1.0330814282167045	1.0000044926675895	0.0002920004883949509	0.008481552088155722
394.0	1.0331652054924205	1.0331682449985842	1.033025502107342	1.033264396557891	1.0000045049541737	0.0002941936243584915	0.00853215426711754
395.0	1.0333482990112925	1.0333513617734593	1.0332077985045591	1.0334479914471113	1.0000045171692604	0.00029639204609933646	0.008582927239210498
396.0	1.0335320196142883	1.033535105695374	1.0333907197437289	1.0336322143728078	1.000004529311977	0.00029859559522325634	0.008633871081251469
397.0	1.0337163688014237	1.0337194782627557	1.033574267326139	1.0338170668310853	1.0000045413814476	0.0003008041108586806	0.008684985861935756
398.0	1.033901348080435	1.0339044809817113	1.0337584427607664	1.034002550325738	1.0000045533767892	0.0003030174283066963	0.008736271651333153
399.0	1.0340869589668227	1.0340901153660886	1.033943247564355	1.0341886663683142	1.0000045652971163	0.00030523538069868037	0.008787728516543511
400.0	1.0342732029838924	1.0342763829375088	1.0341286832614371	1.034375416478145	1.0000045771415362	0.0003074577981188777	0.008839356522982346
401.0	1.0344600816627993	1.03446328522539	1.0343147513843567	1.0345628021823696	1.000004588909153	0.00030968450571910934	0.008891155736266523
402.0	1.0346475965425923	1.0346508237670153	1.0345014534733443	1.034750825016004	1.0000046005990635	0.0003119153259345921	0.008943126217229178
403.0	1.0348357491702556	1.0348390001075807	1.0346887910765543	1.0349394865219883	1.00000461221036	0.00031415007915248894	0.008995268025910289
404.0	1.0350245411007541	1.0350278158002177	1.0348767657501015	1.0351287882512121	1.000004623742131	0.00031638858148358965	0.009047581222603476
405.0	1.0352139738970783	1.0352172724060353	1.0350653790580866	1.0353187317625532	1.000004635193457	0.00031863064450978444	0.009100065863495651
406.0	1.0354040491302876	1.035407371494198	1.035254632572686	1.035509318622955	1.0000046465634158	0.00032087607859176466	0.009152722003346658
407.0	1.0355947683795568	1.0355981146419304	1.0354445278741524	1.0357005504074392	1.0000046578510784	0.00032312468890452684	0.009205549695956671
408.0	1.0357861332322205	1.0357895034345876	1.0356350665508771	1.035892428699165	1.000004669055511	0.0003253762778870411	0.009258548993004231
409.0	1.0359781452838193	1.035981539465693	1.0358262501994435	1.0360849550894795	1.0000046801757736	0.00032763064445281607	0.009311719945135908
410.0	1.0361708061381458	1.0361742243369867	1.0360180804246593	1.036278131177952	1.0000046912109215	0.0003298875842299832	0.009365062599797046
411.0	1.0363641174072913	1.0363675596584512	1.0362105588395953	1.0364719585724163	1.0000047021600036	0.00033214688757291514	0.009418577005065196
412.0	1.0365580807116923	1.0365615470483924	1.036403687065652	1.0366664388890368	1.0000047130220642	0.00033440834282433995	0.009472263204052098
413.0	1.0367526976801777	1.03675618813347	1.0365974667325994	1.0368615737523492	1.0000047237961411	0.00033667173473352324	0.009526121240343629
414.0	1.0369479699500164	1.0369514845487433	1.0367918994786236	1.0370573647953034	1.0000047344812661	0.00033893684435377876	0.00958015115578787
415.0	1.0371438991669653	1.0371474379376995	1.0369869869503479	1.0372538136592906	1.0000047450764675	0.00034120344699189385	0.00963435299139058
416.0	1.0373404869853171	1.0373440499523456	1.0371827308029287	1.0374509219942365	1.0000047555807645	0.000343471316624293	0.00968872678210815
417.0	1.0375377350679496	1.037541322253218	1.0373791327000608	1.0376486914586127	1.0000047659931737	0.0003457402219831917	0.009743272567207346
418.0	1.0377356450863737	1.0377392565094608	1.0375761943140613	1.037847123719514	1.0000047763127036	0.00034800992951569524	0.009797990379533985
419.0	1.037934218720784	1.0379378543988382	1.0377739173258775	1.0380462204526693	1.0000047865383577	0.0003502801997077464	0.00985288025310902
420.0	1.0381334576601078	1.0381371176078138	1.037972303425165	1.038245983342524	1.0000047966691334	0.00035255078997870607	0.00990794221839422
421.0	1.0383333636020544	1.0383370478315894	1.0381713543103301	1.0384464140822798	1.0000048067040226	0.0003548214537020221	0.009963176305604804
422.0	1.0385339382531673	1.0385376467741745	1.0383710716885943	1.0386475143739589	1.0000048166420104	0.00035709194187826	0.010018582541175521
423.0	1.0387351833288743	1.038738916148392	1.038571457276002	1.0388492859284153	1.0000048264820747	0.0003593619988635867	0.010074160954022826
424.0	1.0389371005535382	1.038940857675968	1.0387725127975143	1.0390517304654268	1.0000048362231906	0.0003616313661178718	0.010129911566494848
425.0	1.039139691660509	1.0391434730875837	1.0389742399870474	1.0392548497137366	1.0000048458643238	0.00036389978220905593	0.01018583440217234
426.0	1.0393429583921763	1.039346764122892	1.0391766405875036	1.0394586454110823	1.0000048554044354	0.0003661669793352277	0.010241929483468446
427.0	1.0395469025000212	1.0395507325306061	1.0393797163508518	1.0396631193042802	1.0000048648424795	0.0003684326869422674	0.010298196828462296
428.0	1.0397515257446692	1.039755380068524	1.0395834690381502	1.0398682731492452	1.000004874177404	0.0003706966288879155	0.010354636457155352
429.0	1.0399568298959438	1.039960708503624	1.039787900419647	1.0400741087110945	1.0000048834081516	0.0003729585275697675	0.010411248383049798
430.0	1.0401628167329198	1.0401667196120485	1.0399930122747592	1.0402806277641277	1.0000048925336567	0.00037521809720410216	0.010468032624251035
431.0	1.0403694880439778	1.0403734151792379	1.0401988063922063	1.0404878320919602	1.0000049015528478	0.0003774750514338015	0.010524989190777729
432.0	1.040576845626858	1.040580796999919	1.0404052845700045	1.0406957234875138	1.0000049104646467	0.00037972909714252556	0.010582118098072864
433.0	1.0407848912887165	1.040788866878191	1.0406124486155397	1.0409043037531025	1.0000049192679692	0.0003819799372367438	0.010639419352888113
434.0	1.0409936268461792	1.0409976266275782	1.0408203003456347	1.0411135747004856	1.000004927961725	0.0003842272705449379	0.010696892965745258
435.0	1.041203054125398	1.0412070780710825	1.0410288415865872	1.0413235381509176	1.000004936544815	0.0003864707915037181	0.010754538942522207
436.0	1.0414131749621078	1.0414172230412382	1.0412380741742362	1.0415341959352096	1.0000049450161352	0.00038871018992965497	0.01081235728969762
437.0	1.041623991201682	1.04162806338016	1.0414479999540012	1.041745549893771	1.0000049533745743	0.0003909451503011498	0.010870348010442154
438.0	1.0418355046991907	1.041839600939614	1.0416586207809542	1.0419576018766852	1.0000049616190136	0.00039317535300201494	0.010928511106917916
439.0	1.0420477173194576	1.042051837581077	1.0418699385198837	1.042170353743767	1.0000049697483275	0.000395400474562101	0.010986846580166385
440.0	1.0422606309371174	1.0422647751757683	1.042081955045318	1.042383807364595	1.0000049777613844	0.00039762018519205674	0.011045354430976817
441.0	1.0424742474366762	1.0424784156047497	1.0422946722416324	1.0425979646186128	1.0000049856570457	0.0003998341526259006	0.011104034654554359
442.0	1.0426885687125682	1.0426927607589247	1.042508092003042	1.0428128273951276	1.0000049934341637	0.00040204203654636725	0.01116288725025279
443.0	1.0429035966692168	1.0429078125391624	1.042722216233728	1.0430283975934342	1.0000050010915857	0.00040424349470594595	0.011221912210682567
444.0	1.043119333221093	1.0431235728563117	1.0429370468478476	1.0432446771228316	1.0000050086281498	0.00040643817860998516	0.011281109530737852
445.0	1.043335780292777	1.0433400436312843	1.0431525857696264	1.0434616679027033	1.0000050160426888	0.0004086257356324212	0.011340479201010558
446.0	1.0435529398190182	1.0435572267950983	1.0433688349333923	1.0436793718625625	1.0000050233340283	0.00041080580740533485	0.011400021213810783
447.0	1.0437708137447963	1.0437751242889557	1.0435857962836534	1.043897790942132	1.0000050305009838	0.00041297803144412485	0.01145973555709447
448.0	1.043989404025384	1.043993738064279	1.043803471775132	1.044116927091375	1.000005037542367	0.000415142038623283	0.011519622220119695
449.0	1.0442087126264086	1.0442130700828032	1.0440218633728677	1.044336782270597	1.0000050444569788	0.0004172974561416206	0.011579681187994167
450.0	1.0444287415239142	1.0444331223166292	1.0442409730522564	1.0445573584504904	1.000005051243614	0.0004194439065932649	0.011639912446711984
451.0	1.044649492704426	1.0446538967482593	1.044460802799093	1.0447786576121736	1.0000050579010602	0.00042158100529694173	0.0117003159794469
452.0	1.0448709681650135	1.0448753953706955	1.0446813546096676	1.0450006817472937	1.0000050644280964	0.0004237083637064779	0.011760891769035615
453.0	1.0450931699133545	1.0450976201874984	1.044902630490822	1.045223432858077	1.0000050708234955	0.00042582558875898233	0.011821639795739488
454.0	1.0453160999678002	1.04532057321282	1.045124632459985	1.0454469129573716	1.0000050770860187	0.0004279322799935213	0.011882560041043533
455.0	1.0455397603574403	1.0455442564715067	1.045347362545273	1.045671124068744	1.0000050832144245	0.0004300280330659881	0.01194365248197692
456.0	1.045764153122169	1.0457686719991472	1.0455708227855345	1.0458960682265286	1.00000508920746	0.0004321124380362804	0.012004917095888688
457.0	1.0459892803127513	1.0459938218421398	1.045795015230425	1.0461217474758977	1.0000050950638644	0.00043418507952582876	0.012066353859782346
458.0	1.0462151439908889	1.0462197080577582	1.0460199419404628	1.0463481638729275	1.0000051007823705	0.0004362455366415375	0.012127962747867855
459.0	1.0464417462292892	1.0464463327142066	1.0462456049870907	1.046575319484649	1.000005106361702	0.00043829338173285076	0.012189743734465155
460.0	1.0466690891117316	1.0466736978907158	1.046472006452768	1.0468032163891503	1.000005111800575	0.0004403281832024684	0.012251696790241257
461.0	1.0468971747331375	1.0469018056775865	1.0466991484310115	1.047031856675616	1.000005117097695	0.00044234950296861004	0.012313821888040552
462.0	1.0471260051996376	1.0471306581762727	1.0469270330264846	1.0472612424444143	1.0000051222517619	0.0004443568980232613	0.012376118997254895
463.0	1.0473555826286431	1.047360257499434	1.0471556623550426	1.0474913758071462	1.000005127261466	0.0004463499186387791	0.012438588086512907
464.0	1.0475859091489148	1.047590605771011	1.047385038543807	1.0477222588867219	1.00000513212549	0.0004483281089508685	0.01250122912520006
465.0	1.0478169869006335	1.0478217051263123	1.0476151637312612	1.0479538938174524	1.0000051368425071	0.00045029100862162936	0.012564042077918322
466.0	1.0480488180354728	1.0480535577120709	1.0478460400672955	1.0481862827451	1.0000051414111808	0.0004522381511742038	0.012627026910692625
467.0	1.0482814047166693	1.0482861656865048	1.0480776697132725	1.0484194278269419	1.0000051458301693	0.0004541690631981632	0.01269018359030526
468.0	1.0485147491190956	1.0485195312193962	1.0483100548421047	1.0486533312318531	1.0000051500981184	0.00045608326489019775	0.012753512077742465
469.0	1.0487488534293337	1.0487536564921998	1.0485431976383646	1.04888799514041	1.0000051542136668	0.0004579802733889255	0.012817012335329727
470.0	1.048983719845748	1.048988543698047	1.048777100298282	1.0491234217448968	1.0000051581754448	0.0004598595962835501	0.01288068432739972
471.0	1.0492193505785594	1.0492241950418777	1.0490117650298822	1.0493596132494376	1.0000051619820718	0.0004617207370036736	0.0129445280123666
472.0	1.0494557478499213	1.0494606127404744	1.049247194053011	1.0495965718700302	1.0000051656321598	0.00046356319101934683	0.013008543350257988
473.0	1.0496929138939934	1.0496977990225766	1.0494833895994617	1.049834299834664	1.000005169124312	0.0004653864495557606	0.013072730300759408
474.0	1.0499308509570187	1.0499357561289269	1.0497203539130064	1.0500727993833623	1.000005172457121	0.0004671899967258117	0.013137088818615947
475.0	1.0501695612973994	1.050174486312339	1.0499580892494715	1.050312072768252	1.00000517562917	0.00046897330880216415	0.013201618865621467
476.0	1.0504090471857757	1.0504139918378206	1.0501965978768568	1.0505521222536882	1.0000051786390345	0.00047073585839462666	0.01326632039292674
477.0	1.0506493109051016	1.0506542749826013	1.0504358820753663	1.0507929501162814	1.0000051814852784	0.00047247710993582174	0.013331193359222154
478.0	1.0508903547507251	1.0508953380362234	1.050675944137492	1.0510345586449874	1.0000051841664581	0.0004741965206667221	0.013396237718104774
479.0	1.0511321810304666	1.051137183300646	1.0509167863681275	1.0512769501412167	1.000005186681119	0.00047589354314189574	0.013461453422449553
480.0	1.0513747920646987	1.0513798130902854	1.051158411084595	1.051520126918867	1.0000051890277972	0.0004775676214166719	0.013526840425563381
481.0	1.0516181901864274	1.0516232297321257	1.051400820616765	1.05176409130444	1.0000051912050196	0.000479218193954114	0.013592398680205463
482.0	1.0518623777413725	1.0518674355657804	1.051644017307113	1.052008845637105	1.000005193211303	0.000480844691757282	0.013658128137607854
483.0	1.0521073570880497	1.0521124329435851	1.0518880035108116	1.0522543922687866	1.0000051950451527	0.00048244653943775513	0.013724028747215794
484.0	1.0523531305978533	1.0523582242306773	1.0521327815958141	1.0525007335642464	1.000005196705067	0.00048402315495348156	0.013790100461640777
485.0	1.0525997006551389	1.0526048118050686	1.0523783539429177	1.0527478719011587	1.0000051981895304	0.00048557394862987284	0.01385634322791314
486.0	1.052847069657308	1.052852198057733	1.0526247229458585	1.0529958096701968	1.0000051994970214	0.00048709832346886806	0.01392275699718367
487.0	1.0530952400148919	1.0531003853927203	1.0528718910114203	1.0532445492751457	1.0000052006260043	0.0004885956780511273	0.013989341715493871
488.0	1.0533442141516374	1.0533493762271695	1.0531198605594476	1.0534940931329164	1.0000052015749348	0.0004900653995898796	0.014056097334083365
489.0	1.053593994504593	1.053599172991474	1.0533686340230146	1.053744443673714	1.0000052023422585	0.0004915068715364627	0.01412302379710749
490.0	1.0538445835241943	1.0538497781293112	1.0536182138484462	1.0539956033410658	1.0000052029264106	0.0004929194682171499	0.014190121053016133
491.0	1.0540959836743538	1.0541011940977558	1.053868602495437	1.054247574591933	1.0000052033258149	0.0004943025571453629	0.014257389047819303
492.0	1.0543481974325468	1.0543534233673737	1.0541198024371388	1.054500359896808	1.0000052035388842	0.0004956554997301542	0.014324827726492032
493.0	1.0546012272899015	1.054606468422266	1.0543718161602147	1.054753961739758	1.0000052035640206	0.0004969776469937844	0.014392437037410088
494.0	1.0548550757512885	1.054860331760219	1.0546246461649724	1.0550083826185757	1.0000052033996172	0.0004982683452310817	0.014460216922947031
495.0	1.0551097453354106	1.0551150158927534	1.054878294965427	1.0552636250448266	1.0000052030440532	0.0004995269322537848	0.014528167328817445
496.0	1.0553652385748955	1.0553705233452129	1.0551327650893791	1.0555196915439398	1.0000052024956987	0.0005007527369857277	0.014596288200697125
497.0	1.0556215580163855	1.055626856656887	1.0553880590785463	1.0557765846553324	1.000005201752911	0.0005019450826135801	0.014664579480595063
498.0	1.0558787062206325	1.055884018381083	1.0556441794886222	1.056034306932478	1.0000052008140385	0.0005031032844126952	0.01473304111465175
499.0	1.05613668576259	1.0561420110851956	1.0559011288893594	1.056292860942983	1.0000051996774155	0.0005042266476813717	0.014801673046563974
500.0	1.0563954992315079	1.0564008373508422	1.056158909864688	1.0565522492687125	1.0000051983413674	0.0005053144715426075	0.014870475220690064
501.0	1.0566551492310274	1.056660499773934	1.0564175250128016	1.0568124745058733	1.0000051968042063	0.0005063660467094129	0.014939447578781071
502.0	1.0569156383792775	1.0569210009647716	1.056676976946242	1.0570735392651025	1.0000051950642321	0.000507380655501477	0.015008590064639525
503.0	1.0571769693089712	1.0571823435481642	1.056937268292021	1.0573354461715865	1.0000051931197353	0.0005083575738992944	0.015077902622426592
504.0	1.0574391446675024	1.05744453016348	1.0571984016916716	1.0575981978651163	1.0000051909689922	0.0005092960672748809	0.015147385196063337
505.0	1.0577021671170463	1.0577075634647688	1.057460379801365	1.0578617970002075	1.000005188610268	0.0005101953924479028	0.015217037728108843
506.0	1.0579660393346566	1.0579714461208956	1.0577232052920484	1.0581262462462357	1.0000051860418167	0.0005110548011870667	0.015286860160150514
507.0	1.0582307640123663	1.0582361808155762	1.057986880849477	1.0583915482874722	1.000005183261878	0.0005118735340334085	0.015356852439048904
508.0	1.058496343857289	1.0585017702475081	1.058251409174343	1.0586577058232114	1.000005180268681	0.0005126508230903218	0.01542701450720715
509.0	1.0587627815917198	1.058768217130487	1.0585167929823993	1.0589247215678954	1.000005177060443	0.0005133858935931768	0.0154973463076004
510.0	1.0590300799532393	1.0590355241934886	1.0587830350045275	1.0591925982511907	1.0000051736353663	0.0005140779617446193	0.01556784778296749
511.0	1.059298241694816	1.059303694180736	1.059050137986815	1.0594613386180554	1.000005169991643	0.0005147262315261823	0.015638518882426698
512.0	1.059567269584911	1.0595727298519046	1.0593181046907532	1.0597309454289496	1.0000051661274505	0.0005153299040466931	0.015709359542173368
