1.0	1.000000197040245	0.9999999999999997	0.9999999999999989	0.9999999999999997	1.0	1.9704020651732213e-5	0.0
2.0	1.000000788162145	1.0000005911932304	1.00000059118368	1.0000005912027676	1.0000000001454352	1.9696875949076585e-5	3.9408021990095e-5
3.0	1.0000017733691942	1.0000015765200523	1.0000015764786814	1.000001576561312	1.000000000392678	1.9684879279020277e-5	3.940714096785822e-5
4.0	1.0000031526672164	1.0000029559851435	1.0000029558770338	1.0000029560928163	1.0000000007414063	1.966814527793387e-5	3.9404225600096185e-5
5.0	1.000004926064365	1.0000047295955892	1.0000047293732632	1.0000047298167174	1.0000000011912995	1.9646780810176922e-5	3.939808277623797e-5
6.0	1.0000070935711238	1.000006897360819	1.0000068969643299	1.0000068977546426	1.0000000017420354	1.9620891307059458e-5	3.93875204758062e-5
7.0	1.0000096552003057	1.00000945929259	1.0000094586496069	1.0000094599303917	1.0000000023932945	1.9590582409554175e-5	3.937136026303339e-5
8.0	1.0000126109670544	1.0000124154050014	1.0000124144308982	1.0000124163699589	1.000000003144756	1.9555958680036162e-5	3.9348440932884656e-5
9.0	1.0000159608888441	1.0000157657144864	1.0000157643124254	1.0000157671015224	1.0000000039960997	1.951712426800883e-5	3.9317614540898926e-5
10.0	1.0000197049854798	1.0000195102398162	1.000019508300836	1.0000195121554536	1.0000000049470068	1.9474182621048373e-5	3.9277748738977235e-5
11.0	1.0000238432790973	1.0000236490020986	1.0000236464051941	1.0000236515643153	1.0000000059971579	1.942723666204047e-5	3.92277251143151e-5
12.0	1.0000283757941646	1.0000281820247816	1.00002817863699	1.0000281853628674	1.0000000071462345	1.93763884779322e-5	3.916643979308635e-5
13.0	1.0000333025574812	1.0000331093336532	1.0000331050101356	1.0000331135880713	1.000000008393918	1.9321739341552126e-5	3.909280257857568e-5
14.0	1.0000386235981793	1.0000384309568295	1.0000384255409511	1.0000384362790755	1.0000000097398898	1.9263390954632883e-5	3.900573637789995e-5
15.0	1.0000443389477238	1.0000441469247854	1.0000441402481977	1.0000441534772517	1.0000000111838334	1.9201442472135613e-5	3.890418024785665e-5
16.0	1.0000504486399138	1.000050257270316	1.000050249153037	1.0000502652261571	1.0000000127254312	1.9135994387513126e-5	3.878708256004066e-5
17.0	1.0000569527108818	1.0000567620285656	1.0000567522790544	1.0000567715715643	1.0000000143643655	1.906714569026826e-5	3.865340870931079e-5
18.0	1.0000638511990954	1.0000636612370217	1.0000636496522632	1.0000636725614576	1.00000001610032	1.899499450949969e-5	3.850213558879174e-5
19.0	1.0000711441453578	1.0000709549355113	1.0000709413010889	1.0000709682460314	1.0000000179329787	1.8919638624211266e-5	3.833225234846873e-5
20.0	1.000078831592808	1.000078643166202	1.0000786272563764	1.0000786586776929	1.0000000198620251	1.884117530752162e-5	3.8142761286899644e-5
21.0	1.0000869135869226	1.0000867259736115	1.0000867075513948	1.0000867439110719	1.0000000218871437	1.8759700638022685e-5	3.79326774550573e-5
22.0	1.0000953901755154	1.0000952034045907	1.0000951822218234	1.0000952240030092	1.0000000240080187	1.8675311031410534e-5	3.7701027149987516e-5
23.0	1.000104261408739	1.0001040755083468	1.0001040513057724	1.0001040990125765	1.000000026224335	1.858810119749632e-5	3.744685040489321e-5
24.0	1.0001135273390855	1.0001133423364257	1.000113314843762	1.0001133690010633	1.0000000285357782	1.8498165938264395e-5	3.71691973512264e-5
25.0	1.0001231880213877	1.0001230039427218	1.0001229728787369	1.0001230340319887	1.0000000309420332	1.8405599237225847e-5	3.686713119708346e-5
26.0	1.0001332435128192	1.0001330603834782	1.0001330254560612	1.000133094171102	1.0000000334427852	1.831049434789399e-5	3.653972614337446e-5
27.0	1.0001436938728967	1.0001435117172892	1.0001434726235232	1.0001435494863866	1.0000000360377215	1.821294366024643e-5	3.618606787541775e-5
28.0	1.0001545391634798	1.000154358005095	1.0001543144313252	1.000154400048056	1.0000000387265269	1.811303932203518e-5	3.580525265576012e-5
29.0	1.0001657794487733	1.0001655993101857	1.0001655509320952	1.0001656459285622	1.0000000415088892	1.801087292762713e-5	3.539638890350593e-5
30.0	1.000177414795327	1.00017723569821	1.0001771821808838	1.0001772872026005	1.0000000443844939	1.7906534829458835e-5	3.495859555436505e-5
31.0	1.0001894452720386	1.000189267237165	1.0001892082351633	1.0001893239471067	1.0000000473530282	1.7800115203364303e-5	3.44910018415791e-5
32.0	1.000201870950153	1.0002016939974026	1.0002016291548255	1.0002017562412595	1.0000000504141795	1.769170360423218e-5	3.3992747765011494e-5
33.0	1.0002146919032648	1.0002145160516298	1.0002144450021908	1.0002145841664878	1.0000000535676348	1.7581388921292547e-5	3.346298438254385e-5
34.0	1.0002279082073193	1.0002277334749163	1.0002276558420045	1.0002278078064737	1.0000000568130818	1.7469258911622273e-5	3.290087241421096e-5
35.0	1.0002415199406143	1.0002413463446844	1.0002412617414336	1.0002414272471485	1.0000000601502084	1.7355401309828395e-5	3.230558233374367e-5
36.0	1.0002555271838005	1.0002553547407167	1.0002552627700714	1.0002554425766992	1.0000000635787025	1.7239903117344237e-5	3.1676295325814476e-5
37.0	1.0002699300198834	1.0002697587451592	1.0002696589999402	1.0002698538855757	1.0000000670982523	1.712285044674875e-5	3.101220260043638e-5
38.0	1.0002847285342256	1.0002845584425237	1.0002844505054924	1.0002846612664893	1.0000000707085461	1.700432856588712e-5	3.0312504174596536e-5
39.0	1.0002999228145468	1.0002997539196787	1.0002996373636026	1.0002998648144108	1.000000074409273	1.6884422785509127e-5	2.9576409696170577e-5
40.0	1.0003155129509267	1.0003153452658657	1.0003152196535816	1.0003154646265844	1.0000000782001208	1.676321708268875e-5	2.8803139178921106e-5
41.0	1.0003314990358056	1.000331332572686	1.0003311974571654	1.000331460802517	1.0000000820807786	1.6640795565604548e-5	2.7991920718517578e-5
42.0	1.000347881163987	1.0003477159341199	1.0003475708585294	1.0003478534439982	1.000000086050936	1.6517240675263262e-5	2.7141992936700807e-5
43.0	1.0003646594326385	1.0003644954465085	1.000364339944273	1.000364642655084	1.0000000901102815	1.6392635271767677e-5	2.6252601698401544e-5
44.0	1.0003818339412938	1.0003816712085731	1.0003815048034388	1.0003818285421167	1.0000000942585054	1.6267060747297975e-5	2.532300364341635e-5
45.0	1.0003994047918543	1.0003992433214064	1.0003990655275017	1.0003994112137178	1.0000000984952964	1.61405981578903e-5	2.4352462526178002e-5
46.0	1.0004173720885918	1.000417211888475	1.0004170222103705	1.0004173907807907	1.000000102820344	1.6013328156561323e-5	2.3340251304511485e-5
47.0	1.0004357359381493	1.0004355770156272	1.0004353749483983	1.0004357673565316	1.000000107233339	1.5885330393767142e-5	2.2285652119581138e-5
48.0	1.000454496449543	1.0004543388110907	1.0004541238403757	1.0004545410564265	1.0000001117339705	1.5756683872289882e-5	2.11879543226463e-5
49.0	1.0004736537341645	1.0004734973854723	1.0004732689875322	1.0004737119982525	1.0000001163219283	1.5627467213313574e-5	2.004645598650492e-5
50.0	1.0004932079057836	1.0004930528517653	1.0004928104935435	1.000493280302086	1.0000001209969032	1.5497758212280058e-5	1.8860463552431567e-5
51.0	1.0005131590805487	1.0005130053253455	1.0005127484645269	1.0005132460903021	1.0000001257585847	1.5367634282523047e-5	1.7629291210785724e-5
52.0	1.0005335073769903	1.000533354923983	1.0005330830090509	1.0005336094875836	1.0000001306066633	1.5237171589488158e-5	1.635226128033613e-5
53.0	1.000554252916022	1.000554101767828	1.0005538142381223	1.0005543706209115	1.00000013554083	1.5106446604008272e-5	1.5028703167167733e-5
54.0	1.0005753958209438	1.0005752459794337	1.0005749422652088	1.0005755296195857	1.0000001405607752	1.4975534149101946e-5	1.3657955297423296e-5
55.0	1.0005969362174432	1.0005967876837416	1.0005964672062237	1.0005970866152143	1.0000001456661887	1.4844508931042715e-5	1.2239361923478958e-5
56.0	1.0006188742335982	1.0006187270080882	1.0006183891795306	1.0006190417417198	1.0000001508567622	1.4713445228406219e-5	1.0772275655816495e-5
57.0	1.0006412099998792	1.000641064082215	1.0006407083059548	1.0006413951353497	1.0000001561321852	1.4582416026403718e-5	9.256056976591437e-6
58.0	1.0006639436491516	1.0006637990382603	1.0006634247087738	1.00066414693467	1.000000161492149	1.4451494148411466e-5	7.690072222093648e-6
59.0	1.000687075316678	1.0006869320107645	1.0006865385137231	1.0006872972805727	1.000000166936345	1.4320751922862477e-5	6.073695825868021e-6
60.0	1.000710605140121	1.00071046313668	1.0007100498490051	1.000710846316284	1.0000001724644632	1.4190260406412203e-5	4.406309321866525e-6
61.0	1.0007345332595448	1.000734392555362	1.000733958845279	1.0007347941873566	1.000000178076195	1.4060090670717514e-5	2.6873000814317757e-6
62.0	1.0007588598174186	1.000758720408578	1.000758265635671	1.0007591410416825	1.0000001837712305	1.3930312914648339e-5	9.160637336585903e-7
63.0	1.0007835849586189	1.0007834468405141	1.0007829703557793	1.0007838870294996	1.0000001895492618	1.3800996220055763e-5	9.079982737191023e-7
64.0	1.0008087088304316	1.000808571997764	1.0008080731436635	1.000809032303378	1.0000001954099795	1.3672209927197728e-5	2.7854785394243106e-6
65.0	1.0008342315825556	1.000834096029346	1.000833574139861	1.0008345770182414	1.000000201353074	1.3544022103601008e-5	4.716961510438002e-6
66.0	1.0008601533671044	1.000860019086698	1.0008594734873806	1.0008605213313633	1.0000002073782372	1.3416500386994747e-5	6.703026253822461e-6
67.0	1.0008864743386097	1.000886341323681	1.0008857713317076	1.0008868654023693	1.0000002134851593	1.3289711874172233e-5	8.7442453679026e-6
68.0	1.000913194654024	1.0009130628965892	1.0009124678208128	1.0009136093932491	1.0000002196735316	1.3163722433083547e-5	1.0841184958517833e-5
69.0	1.000940314472723	1.000940183964136	1.0009395631051359	1.0009407534683439	1.000000225943045	1.3038598299953977e-5	1.2994406212575344e-5
70.0	1.0009678339565085	1.0009677046874783	1.0009670573376137	1.0009682977943692	1.0000002322933907	1.2914404015952533e-5	1.5204462246275142e-5
71.0	1.000995753269612	1.0009956252301968	1.0009949506736577	1.0009962425404002	1.000000238724259	1.2791204645401194e-5	1.747190214117042e-5
72.0	1.0010240725786974	1.0010239457583217	1.0010232432711785	1.0010245878778936	1.0000002452353416	1.2669063535086836e-5	1.979726734886019e-5
73.0	1.0010527920528631	1.0010526664403188	1.0010519352905727	1.0010533339806766	1.0000002518263287	1.2548043955649454e-5	2.2181095150107824e-5
74.0	1.0010819118636463	1.001081787447102	1.0010810268947359	1.0010824810249614	1.000000258496911	1.242820819194068e-5	2.4623916146687397e-5
75.0	1.001111432185025	1.001111308952026	1.0011105182490543	1.001112029189338	1.00000026524678	1.2309618585366663e-5	2.712625612324032e-5
76.0	1.0011413531934223	1.0011412311309031	1.0011404095214202	1.0011419786547888	1.0000002720756256	1.2192336158522725e-5	2.9688634293529604e-5
77.0	1.0011716750677089	1.0011715541619979	1.0011707008822281	1.0011723296046888	1.0000002789831388	1.2076421457924835e-5	3.231156514005522e-5
78.0	1.0012023979892057	1.00120227822603	1.0012013925043781	1.0012030822248077	1.00000028596901	1.1961934576015174e-5	3.499555792463072e-5
79.0	1.0012335221416886	1.0012334035061812	1.001232484563276	1.0012342367033127	1.0000002930329295	1.1848934818332517e-5	3.7741116354318856e-5
80.0	1.0012650477113902	1.0012649301880958	1.0012639772368455	1.0012657932307785	1.000000300174588	1.173748096951094e-5	4.0548738801884354e-5
81.0	1.0012969748870049	1.0012968584598836	1.0012958707055175	1.0012977520001831	1.0000003073936758	1.1627631381826474e-5	4.341891881452753e-5
82.0	1.0013293038596902	1.0013291885121327	1.0013281651522528	1.0013301132069266	1.0000003146898828	1.1519442910630378e-5	4.6352144114600996e-5
83.0	1.0013620348230723	1.001361920537894	1.0013608607625215	1.0013628770488134	1.0000003220628988	1.1412972954389644e-5	4.934889941464175e-5
84.0	1.001395167973248	1.0013950547327015	1.0013939577243223	1.0013960437260734	1.0000003295124147	1.1308277702658548e-5	5.240966218046808e-5
85.0	1.0014287035087892	1.0014285912945702	1.0014274562281853	1.001429613441364	1.000000337038119	1.1205412690368021e-5	5.553490608934422e-5
86.0	1.001462641630746	1.001462530424	1.0014613564671686	1.0014635863997687	1.0000003446397028	1.1104432797708519e-5	5.872510049638886e-5
87.0	1.0014969825426503	1.0014968723239783	1.0014956586368668	1.0014979628088054	1.0000003523168548	1.100539231653042e-5	6.198070954635819e-5
88.0	1.0015317264505204	1.0015316171999809	1.0015303629354082	1.0015327428784264	1.0000003600692644	1.0908345349291749e-5	6.53021931480202e-5
89.0	1.001566873562863	1.001566765259986	1.0015654695634686	1.001567926821032	1.0000003678966216	1.0813344545195944e-5	6.869000579781434e-5
90.0	1.001602424090679	1.0016023167144648	1.0016009787242635	1.0016035148514628	1.0000003757986151	1.0720442718561322e-5	7.214459888442669e-5
91.0	1.0016383782474654	1.0016382717763954	1.0016368906235613	1.0016395071870159	1.0000003837749336	1.0629691540655946e-5	7.566641820441259e-5
92.0	1.001674736249221	1.0016746306612614	1.0016732054696795	1.0016759040474394	1.0000003918252656	1.0541142337712986e-5	7.925590608934128e-5
93.0	1.0017114983144493	1.0017113935870554	1.0017099234734912	1.0017127056549417	1.000000399949301	1.0454845935616512e-5	8.291349996356619e-5
94.0	1.0017486646641618	1.0017485607742902	1.001747044848433	1.0017499122342	1.0000004081467273	1.037085201697825e-5	8.663963322981371e-5
95.0	1.0017862355218836	1.0017861324459922	1.0017845698105	1.0017875240123553	1.000000416417233	1.0289210185056618e-5	9.043473562262287e-5
96.0	1.0018242111136568	1.0018241088277133	1.0018224985782573	1.0018255412190247	1.000000424760506	1.020996920999006e-5	9.429923214317458e-5
97.0	1.0018625916680441	1.0018624901475341	1.0018608313728425	1.001863964086306	1.0000004331762347	1.0133177028751929e-5	9.823354403347035e-5
98.0	1.0019013774161334	1.0019012766360615	1.0018995684179643	1.001902792848776	1.000000441664106	1.0058881454304382e-5	0.0001022380890854162
99.0	1.0019405685915423	1.0019404685264424	1.0019387099399135	1.001942027743502	1.0000004502238078	9.987129288965867e-6	0.00010631328044281553
100.0	1.0019801654304221	1.001980066054359	1.0019782561675599	1.0019816690100423	1.0000004588550275	9.917967100032687e-6	0.00011045952770844955
101.0	1.0020201681714618	1.002020069458044	1.0020182073323682	1.0020217168904562	1.0000004675574516	9.851440222445083e-6	0.00011467723665480351
102.0	1.0020605770558928	1.00206047897827	1.0020585636683854	1.0020621716293001	1.0000004763307675	9.78759417700496e-6	0.00011896680984342508
103.0	1.0021013923274933	1.0021012948583718	1.0020993254122619	1.0021030334736465	1.000000485174661	9.726473008306424e-6	0.00012332864518338474
104.0	1.002142614232593	1.002142517344233	1.002140492803241	1.0021443026730716	1.0000004940888187	9.668120946623013e-6	0.00012776313847852235
105.0	1.0021842430200771	1.0021841466843033	1.0021820660831748	1.0021859794796735	1.000000503072927	9.61258116694478e-6	0.00013227068054562973
106.0	1.0022262789413907	1.0022261831295978	1.0022240454965217	1.0022280641480725	1.0000005121266708	9.55989629858198e-6	0.00013685165940709615
107.0	1.0022687222505444	1.002268626933701	1.0022664312903529	1.0022705569354151	1.0000005212497367	9.510108558024056e-6	0.00014150645969148137
108.0	1.0023115732041183	1.002311478352777	1.002309223714359	1.0023134581013846	1.000000530441809	9.463259128556936e-6	0.00014623546243302903
109.0	1.002354832061266	1.002354737645564	1.0023524230208478	1.0023567679081966	1.0000005397025726	9.419389135008514e-6	0.00015103904575737592
110.0	1.0023984990837214	1.0023984050733892	1.002396029464758	1.0024004866206144	1.000000549031713	9.378538801836158e-6	0.00015591758388352835
111.0	1.002442574535801	1.0024424809001697	1.0024400433036562	1.0024446145059487	1.0000005584289138	9.34074765250318e-6	0.00016087144829694022
112.0	1.0024870586844108	1.0024869653924127	1.0024844647977438	1.0024891518340613	1.0000005678938593	9.306055107496073e-6	0.00016590100734962683
113.0	1.0025319517990496	1.0025318588192311	1.0025292942098671	1.002534098877379	1.000000577426233	9.274499266017753e-6	0.0001710066256389027
114.0	1.0025772541518159	1.0025771614523373	1.0025745318055124	1.0025794559108878	1.0000005870257187	9.246118257107575e-6	0.00017618866573402767
115.0	1.0026229660174109	1.002622873566058	1.002620177852821	1.0026252232121504	1.0000005966919994	9.22094904356684e-6	0.00018144748629238215
116.0	1.0026690876731443	1.0026689954373298	1.002666232622584	1.0026714010612992	1.0000006064247575	9.199028440749135e-6	0.00018678344405177727
117.0	1.0027156193989404	1.0027155273457076	1.002712696388252	1.0027179897410472	1.0000006162236759	9.180392828558641e-6	0.00019219689179178213
118.0	1.0027625614773417	1.0027624695733752	1.0027595694259435	1.0027649895366983	1.0000006260884364	9.165077553523917e-6	0.0001976881794622625
119.0	1.0028099141935152	1.0028098224051485	1.0028068520144482	1.0028124007361512	1.0000006360187208	9.153117194590838e-6	0.00020325765473589564
120.0	1.002857677835257	1.0028575861284703	1.0028545444352237	1.0028602236298947	1.0000006460142103	9.144546493081283e-6	0.00020890566291841673
121.0	1.0029058526929981	1.002905761033432	1.002902646972415	1.00290845851103	1.0000006560745858	9.139398869114582e-6	0.00021463254535329963
122.0	1.0029544390598097	1.0029543474127627	1.002951159912844	1.0029571056752589	1.0000006661995284	9.137707905091817e-6	0.00022043864192282717
123.0	1.0030034372314087	1.0030033455618523	1.003000083546033	1.0030061654209097	1.0000006763887184	9.139505707299286e-6	0.000226324288522892
124.0	1.0030528475061624	1.0030527557787394	1.0030494181641916	1.0030556380489228	1.0000006866418345	9.144824544253075e-6	0.00023228982013944366
125.0	1.0031026701850951	1.003102578364128	1.0030991640622329	1.0031055238628706	1.0000006969585578	9.15369580613475e-6	0.0002383355677257246
126.0	1.0031529055718935	1.0031528136213894	1.003149321537777	1.003155823168957	1.0000007073385657	9.166150403292019e-6	0.00024446186054796965
127.0	1.0032035539729116	1.0032034618565737	1.0031998908911601	1.0032065362760325	1.0000007177815382	9.182218057946063e-6	0.0002506690249003372
128.0	1.003254615697177	1.0032545233783978	1.0032508724254248	1.0032576634955779	1.0000007282871528	9.201929185611856e-6	0.0002569573860517311
129.0	1.003306091056397	1.0033059984982746	1.0033022664463471	1.0033092051417403	1.0000007388550871	9.225312504606886e-6	0.0002633272642826877
130.0	1.0033579803649628	1.0033578875303055	1.0033540732624304	1.00336116153132	1.0000007494850192	9.252396364161868e-6	0.00026977898001943657
131.0	1.0034102839399577	1.0034101907912816	1.003406293184903	1.0034135329837754	1.0000007601766259	9.283209231224471e-6	0.0002763128503799039
132.0	1.0034630021011615	1.0034629086007063	1.003458926527747	1.003466319821245	1.0000007709295828	9.31777803071185e-6	0.0002829291896376193
133.0	1.0035161351710564	1.0035160412807835	1.003511973607679	1.0035195223685367	1.0000007817435668	9.356129871668426e-6	0.0002896283112344356
134.0	1.0035696834748338	1.0035695891564362	1.003565434744175	1.0035731409531452	1.0000007926182533	9.398290830191471e-6	0.00029641052519028275
135.0	1.0036236473403997	1.003623552555305	1.003619310259464	1.0036271759052524	1.000000803553317	9.444286701809674e-6	0.0003032761401822209
136.0	1.0036780270983814	1.0036779318077587	1.003673600478541	1.0036816275577376	1.0000008145484331	9.49414255897629e-6	0.00031022546223782567
137.0	1.0037328230821332	1.0037327272468994	1.0037283057291715	1.003736496246184	1.000000825603275	9.547882817511955e-6	0.0003172587956191847
138.0	1.003788035627743	1.0037879392085673	1.0037834263418965	1.0037917823088824	1.0000008367175173	9.605531479995102e-6	0.00032437644293234984
139.0	1.0038436650740385	1.003843568031341	1.0038389626500288	1.0038474860868314	1.000000847890832	9.66711262238903e-6	0.00033157870421920944
140.0	1.0038997117625934	1.0038996140565641	1.003894914989688	1.003903607923768	1.0000008591228926	9.732648403269185e-6	0.0003388658766468922
141.0	1.0039561760377338	1.0039560776283283	1.0039512836997744	1.003960148166146	1.0000008704133707	9.802161474996835e-6	0.00034623825791313645
142.0	1.004013058246545	1.0040129590934923	1.004008069121993	1.0040171071631583	1.0000008817619384	9.87567361229857e-6	0.000353696141666312
143.0	1.0040703587388782	1.0040702588016888	1.004065271600859	1.0040744852667454	1.000000893168266	9.953205822979895e-6	0.00036123982053478315
144.0	1.004128077867356	1.004127977105321	1.004122891483692	1.0041322828315882	1.0000009046320246	1.0034779144114269e-5	0.0003688695859486621
145.0	1.0041862159873804	1.0041861143595832	1.0041809291206427	1.004190500215132	1.0000009161528844	1.0120413492113221e-5	0.0003765857259714423
146.0	1.0042447734571387	1.004244670922456	1.00423938486468	1.0042491377775813	1.0000009277305144	1.0210128591595275e-5	0.0003843885282402264
147.0	1.00430375063761	1.0043036471547198	1.0042982590716116	1.004308195881914	1.0000009393645835	1.0303943422610673e-5	0.00039227827817327936
148.0	1.0043631478925734	1.0043630434199569	1.0043575521000798	1.0043676748938828	1.0000009510547594	1.0401876729247118e-5	0.0004002552595660089
149.0	1.0044229655886132	1.0044228600845655	1.0044172643115798	1.0044275751820297	1.0000009628007112	1.0503946179550475e-5	0.0004083197542361026
150.0	1.0044832040951268	1.0044830975177597	1.0044773960704576	1.0044878971176874	1.0000009746021052	1.0610169161545365e-5	0.000416472043216259
151.0	1.0045438637843318	1.0045437560915726	1.004537947743913	1.0045486410749818	1.000000986458608	1.0720563136893342e-5	0.000424712405514912
152.0	1.004604945031272	1.0046048361808801	1.0045989197020235	1.0046098074308554	1.000000998369885	1.0835143938874392e-5	0.00043304111778366596
153.0	1.0046664482138261	1.0046663381633893	1.0046603123177336	1.0046713965650582	1.0000010103356027	1.0953927739812861e-5	0.00044145845657086677
154.0	1.0047283737127137	1.0047282624196598	1.0047221259668735	1.0047334088601667	1.0000010223554252	1.107692952599158e-5	0.00044996469573417363
155.0	1.004790721911503	1.0047906093330976	1.0047843610281582	1.0047958447015812	1.0000010344290164	1.1204164512244066e-5	0.0004585601085613646
156.0	1.0048534931966178	1.0048533792899754	1.0048470178831996	1.0048587044775419	1.0000010465560396	1.1335646749677834e-5	0.0004672449662883009
157.0	1.004916687957345	1.004916572679431	1.0049100969165108	1.0049219885791323	1.0000010587361583	1.1471390164461714e-5	0.0004760195386724776
158.0	1.0049803065858425	1.0049801898934807	1.0049735985155188	1.00498569740029	1.0000010709690346	1.1611407806577386e-5	0.0004848840944779859
159.0	1.005044349477146	1.0050442313270216	1.0050375230705635	1.0050498313378096	1.0000010832543296	1.1755712512811618e-5	0.0004938389011648923
160.0	1.0051088170291766	1.0051086973778416	1.0051018709749118	1.0051143907913547	1.0000010955917038	1.1904316531193488e-5	0.0005028842244461817
161.0	1.005173709642749	1.0051735884466269	1.0051666426247623	1.005179376163463	1.0000011079808184	1.2057231609471751e-5	0.000512020329015723
162.0	1.0052390277215788	1.00523890493697	1.0052318384192522	1.0052447878595572	1.0000011204213322	1.2214468928939995e-5	0.000521247478061002
163.0	1.0053047716722898	1.005304647255379	1.0052974587604693	1.0053106262879523	1.0000011329129037	1.2376039016203372e-5	0.0005305659338583888
164.0	1.0053709419044226	1.005370815811279	1.005363504053452	1.0053768918598582	1.0000011454551925	1.2541952251301108e-5	0.0005399759573742492
165.0	1.005437538830442	1.005437411017027	1.005429974706205	1.0054435849893968	1.000001158047854	1.2712218315580926e-5	0.0005494778081091574
166.0	1.005504562865745	1.0055044332879133	1.0054968711296979	1.0055107060935997	1.0000011706905463	1.2886846721857232e-5	0.0005590717445163618
167.0	1.005572014428669	1.0055718830421825	1.0055641937378896	1.0055782555924324	1.0000011833829248	1.3065845577846276e-5	0.0005687580237134408
168.0	1.0056398939404994	1.0056397607010226	1.005631942947715	1.0056462339087824	1.0000011961246447	1.3249223463373358e-5	0.0005785369026072731
169.0	1.0057082018254777	1.0057080666885865	1.005700119179107	1.0057146414684832	1.000001208915361	1.3436988083372563e-5	0.0005884086359053022
170.0	1.0057769385108108	1.0057768014319968	1.0057687228550007	1.0057834787003141	1.0000012217547267	1.3629146665512542e-5	0.0005983734778588425
171.0	1.0058461044266778	1.0058459653613532	1.0058377544013406	1.0058527460360138	1.0000012346423954	1.3825705938230826e-5	0.0006084316811798435
172.0	1.0059157000062389	1.0059155589097386	1.00590721424709	1.005922443910284	1.0000012475780187	1.4026672439888247e-5	0.0006185834980994067
173.0	1.0059857256856441	1.0059855825132367	1.005977102824242	1.0059925727608061	1.000001260561249	1.4232051591746017e-5	0.0006288291793729969
174.0	1.0060561819040414	1.0060560366109246	1.0060474205678194	1.0060631330282368	1.0000012735917356	1.4441849221191641e-5	0.0006391689752725724
175.0	1.0061270691035848	1.0061269216448978	1.0061181679158928	1.006134125156231	1.0000012866691297	1.4656069950495632e-5	0.0006496031343933005
176.0	1.0061983877294438	1.0061982380602728	1.0061893453095887	1.0062055495914455	1.0000012997930796	1.4874717837153573e-5	0.0006601319051311406
177.0	1.0062701382298116	1.0062699863051852	1.0062609531930817	1.0062774067835367	1.0000013129632337	1.5097797367019393e-5	0.0006707555351516504
178.0	1.0063423210559135	1.0063421668308152	1.0063329920136268	1.0063496971851893	1.0000013261792402	1.5325311777207638e-5	0.0006814742699322433
179.0	1.0064149366620163	1.0064147800913863	1.0064054622215524	1.0064224212521102	1.0000013394407445	1.555726413758483e-5	0.00069228835538699
180.0	1.0064879855054367	1.0064878265441763	1.0064783642702735	1.0064955794430435	1.0000013527473925	1.579365701987275e-5	0.0007031980360115341
181.0	1.0065614680465507	1.006561306649527	1.0065516986163012	1.0065691722197796	1.0000013660988298	1.603449256397236e-5	0.0007142035554555409
182.0	1.0066353847488014	1.0066352208708507	1.0066254657192477	1.0066432000471615	1.0000013794947007	1.6279772522203438e-5	0.000725305156764005
183.0	1.0067097360787105	1.0067095696746453	1.0066996660418446	1.0067176633930988	1.0000013929346476	1.652949795062365e-5	0.0007365030819567077
184.0	1.006784522505884	1.0067843535304934	1.0067743000499374	1.0067925627285703	1.0000014064183131	1.6783669870899966e-5	0.000747797572644508
185.0	1.006859744503025	1.0068595729110834	1.006849368212512	1.0068678985276427	1.0000014199453389	1.7042288410218143e-5	0.0007591888691676905
186.0	1.00693540254594	1.006935228292211	1.0069248710016891	1.0069436712674724	1.0000014335153655	1.7305353308774477e-5	0.0007706772117635782
187.0	1.00701149711355	1.0070113201527804	1.0070008088927325	1.0070198814283091	1.0000014471280325	1.7572864868040212e-5	0.0007822628400136125
188.0	1.0070880286878996	1.0070878489748416	1.0070771823640814	1.0070965294935292	1.0000014607829788	1.7844821194501194e-5	0.00079394599107793
189.0	1.0071649977541657	1.007164815243565	1.0071539918973273	1.007173615949616	1.0000014744798416	1.8121221551537327e-5	0.0008057269043908461
190.0	1.007242404800668	1.0072422194472777	1.0072312379772483	1.0072511412861915	1.0000014882182584	1.8402063845852858e-5	0.0008176058160585053
191.0	1.007320250318879	1.007320062077459	1.0073089210918067	1.0073291059960146	1.0000015019978654	1.8687345950563744e-5	0.000829582963311498
192.0	1.0073985348034313	1.0073983436287506	1.007387041732158	1.0074075105749896	1.0000015158182973	1.897706559498665e-5	0.0008416585819457353
193.0	1.0074772587521306	1.0074770645989788	1.0074656003926716	1.0074863555221916	1.000001529679188	1.927121928473437e-5	0.0008538329068282537
194.0	1.0075564226659635	1.0075562254891468	1.0075445975709258	1.0075656413398557	1.0000015435801712	1.9569803955024727e-5	0.0008661061734386343
195.0	1.0076360270491078	1.0076358268034573	1.0076240337677296	1.0076453685334021	1.0000015575208783	1.9872815692400162e-5	0.0008784786154428908
196.0	1.0077160724089427	1.0077158690493162	1.007703909487123	1.007725537611439	1.000001571500941	2.018025037404988e-5	0.0008909504667418189
197.0	1.0077965592560592	1.0077963527373497	1.0077842252363998	1.0078061490857793	1.0000015855199893	2.049210305096816e-5	0.000903521960367463
198.0	1.0078774881042691	1.007877278381402	1.0078649815260996	1.007887203471439	1.0000015995776523	2.0808369027791355e-5	0.0009161933293850659
199.0	1.007958859470617	1.007958646498556	1.0079461788700332	1.0079687012866607	1.000001613673558	2.112904302558236e-5	0.0009289648052830723
200.0	1.008040673875389	1.008040457609142	1.0080278177852868	1.008050643052917	1.0000016278073343	2.1454119138005473e-5	0.0009418366200207224
201.0	1.0081229318421236	1.0081227122367453	1.0081098987922332	1.0081330292949235	1.0000016419786066	2.178359120601172e-5	0.0009548090047485343
202.0	1.0082056338976229	1.0082054109082164	1.0081924224145387	1.0082158605406453	1.0000016561869998	2.211745292805886e-5	0.0009678821904676438
203.0	1.0082887805719616	1.0082885541536823	1.008275389179177	1.0082991373213108	1.0000016704321377	2.2455697573883732e-5	0.0009810564070590647
204.0	1.0083723723984992	1.0083721425065653	1.008358799616447	1.0083828601714306	1.0000016847136444	2.2798317390136275e-5	0.0009943318839870825
205.0	1.0084564099138897	1.0084561765035778	1.0084426542599667	1.0084670296287914	1.0000016990311407	2.3145305009975572e-5	0.0010077088519271416
206.0	1.008540893658093	1.0085406566847404	1.0085269536466928	1.0085516462344737	1.0000017133842476	2.3496652858469708e-5	0.001021187539460834
207.0	1.0086258241743848	1.0086255835933984	1.0086116983169353	1.008636710532872	1.0000017277725852	2.385235244822056e-5	0.0010347681747482306
208.0	1.008711202009369	1.0087109577762288	1.0086968888143653	1.0087222230716963	1.000001742195771	2.421239495208423e-5	0.001048450986693036
209.0	1.008797027712987	1.008796779783244	1.0087825256860197	1.008808184401982	1.000001756653424	2.457677175359428e-5	0.0010622362033335564
210.0	1.0088833018385304	1.0088830501678152	1.0088686094823212	1.0088945950781083	1.0000017711451594	2.4945473346433497e-5	0.0010761240520833835
211.0	1.0089700249426508	1.0089697694866744	1.0089551407570851	1.0089814556578038	1.0000017856705927	2.5318490149085633e-5	0.0010901147604121197
212.0	1.0090571975853722	1.0090569382999268	1.0090421200675281	1.0090687667021585	1.0000018002293378	2.569581248287472e-5	0.0011042085554474152
213.0	1.0091448203301017	1.009144557171071	1.0091295479742883	1.009156528775642	1.000001814821008	2.6077429647883207e-5	0.0011184056634671712
214.0	1.0092328937436408	1.0092326266669944	1.009217425041421	1.0092447424461009	1.0000018294452147	2.6463331507505424e-5	0.0011327063118563585
215.0	1.0093214183961974	1.009321147358002	1.009305751836431	1.0093334082847885	1.0000018441015681	2.6853506772264684e-5	0.0011471107258705132
216.0	1.0094103948613973	1.0094101198178143	1.0093945289302637	1.00942252686636	1.0000018587896784	2.7247944386175396e-5	0.0011616191323307024
217.0	1.009499823716295	1.009499544623582	1.0094837568973267	1.0095120987688908	1.0000018735091534	2.764663317473086e-5	0.001176231756673339
218.0	1.0095897055413876	1.009589422355906	1.0095734363155031	1.009602124573894	1.0000018882595996	2.8049561119187036e-5	0.0011909488239827113
219.0	1.0096800409206235	1.0096797535988407	1.0096635677661607	1.0096926048663248	1.0000019030406235	2.8456716104672566e-5	0.001205770559627079
220.0	1.0097708304414172	1.0097705389399043	1.0097541518341566	1.009783540234591	1.0000019178518291	2.8868086118160636e-5	0.001220697189146717
221.0	1.0098620746946598	1.0098617789701037	1.0098451891078686	1.0098749312705793	1.0000019326928196	2.9283657995151388e-5	0.0012357289365367652
222.0	1.0099537742747315	1.009953474283928	1.0099366801791816	1.0099667785696451	1.0000019475631974	2.97034192230375e-5	0.0012508660277640352
223.0	1.0100459297795137	1.0100456254793746	1.0100286256435185	1.0100590827306428	1.0000019624625625	3.0127356599833427e-5	0.0012661086864330685
224.0	1.0101385418104014	1.010138233157957	1.0101210260998463	1.0101518443559316	1.0000019773905153	3.0555456674147406e-5	0.0012814571370168744
225.0	1.0102316109723155	1.0102312979247174	1.0102138821506883	1.01024506405139	1.0000019923466532	3.09877056574051e-5	0.0012969116040193209
226.0	1.0103251378737153	1.0103248203882351	1.0103071944021336	1.0103387424264212	1.000002007330574	3.14240899514947e-5	0.0013124723114017194
227.0	1.0104191231266106	1.0104188011606474	1.010400963463855	1.0104328800939777	1.0000020223418717	3.186459518178608e-5	0.001328139482844878
228.0	1.0105135673465753	1.010513240857658	1.0104951899491224	1.0105274776705668	1.0000020373801426	3.230920670291135e-5	0.0013439133423625877
229.0	1.0106084711527592	1.0106081400985414	1.0105898744748023	1.010622535776258	1.0000020524449778	3.275791043383637e-5	0.0013597941139918929
230.0	1.0107038351679014	1.0107034995061739	1.0106850176613915	1.0107180550347115	1.0000020675359698	3.321069099023676e-5	0.0013757820207804389
231.0	1.0107996600183424	1.0107993197070269	1.0107806201330072	1.0108140360731726	1.0000020826527085	3.3667533640228924e-5	0.0013918772869818785
232.0	1.0108959463340388	1.0108956013311947	1.0108766825174194	1.010910479522501	1.0000020977947828	3.412842294225763e-5	0.0014080801353074388
233.0	1.010992694748574	1.0109923450123968	1.0109732054460503	1.0110073860171715	1.0000021129617802	3.4593343645953096e-5	0.0014243907898460074
234.0	1.0110899058991731	1.011089551388003	1.0110701895539986	1.011104756195299	1.000002128153287	3.5062279637951525e-5	0.0014408094730745146
235.0	1.011187580426716	1.0111872210990307	1.0111676354800379	1.0112025906986377	1.0000021433688873	3.5535215457504354e-5	0.0014573364092386693
236.0	1.0112857189757507	1.0112853547901768	1.011265543866649	1.0113008901726104	1.0000021586081642	3.601213456162454e-5	0.0014739718210343218
237.0	1.0113843221945058	1.0113839531098088	1.0113639153600111	1.0113996552663038	1.0000021738707003	3.6493021389375674e-5	0.0014907159318237888
238.0	1.0114833907349052	1.0114830167100035	1.0114627506100375	1.011498886632503	1.000002189156076	3.697785896862379e-5	0.0015075689644918802
239.0	1.0115829252525814	1.0115825462465444	1.0115620502703757	1.0115985849276914	1.0000022044638692	3.746663051913379e-5	0.0015245311427172946
240.0	1.0116829264068896	1.0116825423789302	1.0116618149984176	1.0116987508120592	1.0000022197936582	3.7959320001218876e-5	0.0015416026896751234
241.0	1.0117833948609205	1.011783005770411	1.011762045455329	1.011799384949539	1.0000022351450193	3.845590978915362e-5	0.0015587838280350383
242.0	1.0118843312815156	1.0118839370879755	1.0118627423060447	1.0119004880077938	1.0000022505175261	3.895638343690668e-5	0.0015760747815395358
243.0	1.01198573633928	1.0119853370023875	1.0119639062192995	1.0120020606582523	1.0000022659107521	3.946072341762388e-5	0.0015934757729605857
244.0	1.0120876107085979	1.0120872061881898	1.0120655378676333	1.0121041035761145	1.0000022813242684	3.9968912155358225e-5	0.0016109870255900086
245.0	1.0121899550676454	1.0121895453237102	1.0121676379273972	1.0122066174403574	1.0000022967576454	4.048093277099995e-5	0.0016286087634126319
246.0	1.0122927700984061	1.0122923550910943	1.0122702070787868	1.0123096029337677	1.0000023122104513	4.0996767349117494e-5	0.001646341208624937
247.0	1.0123960564866847	1.0123956361763058	1.0123732460058434	1.0124130607429416	1.0000023276822525	4.151639827641614e-5	0.0016641845852530608
248.0	1.0124998149221223	1.0124993892691474	1.0124767553964724	1.0125169915583068	1.0000023431726148	4.203980767144172e-5	0.0016821391166055581
249.0	1.0126040460982098	1.0126036150632707	1.012580735942453	1.0126213960741315	1.0000023586811022	4.2566977757541746e-5	0.0017002050261268865
250.0	1.0127087507123045	1.0127083142561935	1.0126851883394583	1.012726274988544	1.0000023742072763	4.3097890753229184e-5	0.0017183825374609653
251.0	1.012813929465643	1.0128134875493209	1.0127901132870736	1.0128316290035497	1.000002389750698	4.363252808298431e-5	0.0017366718739445933
252.0	1.0129195830633582	1.012919135647944	1.012895511488796	1.0129374588250353	1.0000024053109255	4.417087217525747e-5	0.001755073259635823
253.0	1.0130257122144926	1.013025259261272	1.0130013836520673	1.0130437651627962	1.0000024208875171	4.471290462080164e-5	0.0017735869179742079
254.0	1.013132317632014	1.013131859102441	1.0131077304882814	1.0131505487305477	1.0000024364800277	4.525860689640788e-5	0.0017922130728529218
255.0	1.0132394000328313	1.01323893588852	1.0132145527127894	1.013257810245932	1.000002452088011	4.580796119775929e-5	0.0018109519490327236
256.0	1.0133469601378102	1.0133464903405454	1.013321851044938	1.013365550430549	1.0000024677110197	4.636094875187535e-5	0.0018298037696191254
257.0	1.013454998671787	1.0134545231835164	1.0134296262080604	1.0134737700099579	1.0000024833486048	4.6917551460899716e-5	0.0018487687594135375
258.0	1.0135635163635854	1.0135630351464249	1.013537878929508	1.0135824697137008	1.0000024990003147	4.7477750806423767e-5	0.0018678471423686093
259.0	1.0136725139460334	1.0136720269622652	1.0136466099406607	1.0136916502753166	1.0000025146656963	4.804152835357479e-5	0.001887039143229448
260.0	1.0137819921559763	1.01378149936805	1.01375581997694	1.0138013124323553	1.000002530344296	4.860886561960516e-5	0.0019063449866109042
261.0	1.013891951734295	1.013891453104824	1.0138655097778269	1.0139114569263932	1.0000025460356565	4.9179744468171766e-5	0.0019257648973019864
262.0	1.014002393425921	1.0140018889176865	1.0139756800868804	1.0140220845030539	1.0000025617393205	4.975414632087478e-5	0.0019452990997159527
263.0	1.014113317979853	1.0141128075558061	1.0140863316517543	1.0141331959120237	1.0000025774548273	5.033205242029278e-5	0.001964947819136366
264.0	1.0142247261491728	1.014224209772425	1.0141974652242023	1.0142447919070559	1.0000025931817165	5.091344496856915e-5	0.0019847112808384693
265.0	1.014336618691062	1.014336096324893	1.014309081560107	1.0143568732460062	1.000002608919524	5.149830533190271e-5	0.0020045897098679333
266.0	1.0144489963668186	1.0144484679746733	1.0144211814194928	1.0144694406908368	1.0000026246677847	5.208661522301973e-5	0.002024583331892329
267.0	1.014561859941873	1.014561325487358	1.0145337655665352	1.0145824950076323	1.0000026404260316	5.267835665726008e-5	0.00204469237247612
268.0	1.0146752101858054	1.0146746696326985	1.0146468347695965	1.014696036966632	1.000002656193796	5.327351072699105e-5	0.002064917057122109
269.0	1.0147890478723627	1.0147885011845987	1.0147603898012119	1.0148100673422198	1.0000026719706065	5.387205992154374e-5	0.002085257612757116
270.0	1.0149033737794746	1.014902820921149	1.014874431438131	1.014924586912962	1.0000026877559913	5.447398637620611e-5	0.002105714264862419
271.0	1.0150181886892717	1.0150176296246467	1.0149889604613327	1.015039596461624	1.0000027035494758	5.507927160995701e-5	0.0021262872394849195
272.0	1.0151334933881022	1.0151329280815984	1.0151039776560302	1.015155096775177	1.0000027193505832	5.5687897947636424e-5	0.0021469767636719058
273.0	1.0152492886665498	1.0152487170827462	1.0152194838116964	1.0152710886448206	1.0000027351588345	5.629984773218144e-5	0.002167783063958787
274.0	1.01536557531945	1.0153649974230832	1.0153354797220795	1.015387572866001	1.000002750973752	5.691510336839859e-5	0.0021887063675260676
275.0	1.0154823541459088	1.0154817699018737	1.015451966185222	1.015504550238429	1.0000027667948503	5.753364721364416e-5	0.0022097469009281275
276.0	1.0155996259493199	1.0155990353226627	1.0155689440034723	1.015622021566091	1.0000027826216478	5.815546225566239e-5	0.002230904892146486
277.0	1.0157173915373827	1.015716794493308	1.0156864139835142	1.0157399876572817	1.0000027984536566	5.87805308443353e-5	0.0022521805677879667
278.0	1.0158356517221199	1.0158350482259813	1.0158043769363707	1.0158584493246037	1.00000281429039	5.940883622217893e-5	0.0022735741562527746
279.0	1.0159544073198963	1.0159537973371997	1.0159228336774324	1.015977407385	1.0000028301313573	6.004036127808848e-5	0.002295085885392108
280.0	1.016073659151436	1.0160730426478326	1.0160417850264665	1.016096862659761	1.0000028459760661	6.067508964024712e-5	0.0023167159832271403
281.0	1.016193408041842	1.0161927849831338	1.0161612318076485	1.016216815974557	1.000002861824022	6.131300432099449e-5	0.0023384646779245287
282.0	1.016313654820613	1.0163130251727437	1.016281174849564	1.016337268159439	1.0000028776747292	6.195408931213718e-5	0.002360332198689593
283.0	1.0164344003216639	1.0164337640507193	1.0164016149852375	1.0164582200488699	1.0000028935276897	6.25983284702916e-5	0.0023823187737968187
284.0	1.0165556453833424	1.01655500245555	1.0165225530521504	1.016579672481741	1.0000029093824023	6.324570575727331e-5	0.002404424632248031
285.0	1.0166773908484499	1.0166767412301727	1.0166439898922537	1.0167016263013864	1.0000029252383653	6.38962057205569e-5	0.0024266500036164394
286.0	1.0167996375642594	1.0167989812219949	1.016765926351994	1.0168240823556052	1.000002941095073	6.454981299069683e-5	0.002448995117148223
287.0	1.0169223863825343	1.0169217232829155	1.016888363282331	1.0169470414966846	1.0000029569520192	6.520651208479725e-5	0.0024714602020657773
288.0	1.0170456381595485	1.017044968269333	1.0170113015387479	1.017070504581406	1.0000029728086952	6.586628862922459e-5	0.0024940454894210435
289.0	1.0171693937561055	1.017168717042185	1.0171347419812875	1.0171944724710857	1.0000029886645894	6.652912726332007e-5	0.002516751208227404
290.0	1.0172936540375572	1.0172929704669436	1.0172586854745531	1.0173189460315704	1.000003004519189	6.719501404100105e-5	0.0025395775898459498
291.0	1.017418419873825	1.017417729413649	1.017383132887738	1.0174439261332704	1.000003020371978	6.786393507681997e-5	0.002562524864489055
292.0	1.0175436921394176	1.0175429947569274	1.0175080850946439	1.017569413651179	1.0000030362224386	6.853587669870551e-5	0.002585593262920621
293.0	1.0176694717134531	1.017668767376017	1.0176335429737051	1.0176954094648951	1.0000030520700514	6.92108249023839e-5	0.002608783015929266
294.0	1.0177957594796774	1.0177950481547713	1.0177595074079968	1.0178219144586311	1.0000030679142933	6.988876692237874e-5	0.0026320943560274265
295.0	1.0179225563264855	1.0179218379816901	1.017885979285262	1.0179489295212403	1.0000030837546408	7.056969029328561e-5	0.0026555275143496193
296.0	1.0180498631469408	1.0180491377499417	1.0180129594979335	1.0180764555462418	1.000003099590566	7.125358250063295e-5	0.0026790827219592955
297.0	1.0181776808387963	1.018176948357383	1.0181404489431567	1.0182044934318384	1.0000031154215407	7.194043113358824e-5	0.002702760211743612
298.0	1.0183060103045156	1.018305270706569	1.0182684485227957	1.0183330440809277	1.0000031312470332	7.263022501878735e-5	0.002726560216381309
299.0	1.0184348524512925	1.0184341057047857	1.018396959143469	1.0184621084011354	1.0000031470665092	7.33229528678135e-5	0.002750482967576821
300.0	1.0185642081910729	1.0185634542640651	1.0185259817165617	1.0185916873048273	1.000003162879433	7.401860399667494e-5	0.002774528698870548
301.0	1.0186940784405754	1.018693317301214	1.018655517158257	1.0187217817091434	1.000003178685266	7.471716754074122e-5	0.0027986976425174418
302.0	1.0188244641213127	1.0188236957378234	1.018785566389544	1.0188523925360018	1.000003194483467	7.541863356637249e-5	0.0028229900329724404
303.0	1.018955366159613	1.0189545905002881	1.0189161303362364	1.018983520712123	1.0000032102734924	7.612299326645478e-5	0.0028474061037478014
304.0	1.019086785486641	1.0190860025198527	1.0190472099290204	1.019115167169073	1.0000032260547969	7.683023658472331e-5	0.002871946087454358
305.0	1.0192187230384206	1.0192179327326025	1.019178806103444	1.0192473328432545	1.000003241826832	7.754035520122093e-5	0.002896610219699261
306.0	1.0193511797558559	1.0193503820794971	1.0193109197999521	1.019380018675943	1.0000032575890467	7.82533413984635e-5	0.0029213987345714917
307.0	1.019484156584753	1.0194833515064006	1.019443551963914	1.0195132256133144	1.0000032733408883	7.896918723340053e-5	0.0029463118661864117
308.0	1.019617654475843	1.0196168419640923	1.0195767035456362	1.019646954606456	1.0000032890818007	7.968788566997331e-5	0.002971349849553938
309.0	1.0197516743848034	1.0197508544082903	1.0197103755003862	1.0197812066113923	1.0000033048112251	8.040943042609321e-5	0.002996512920182977
310.0	1.019886217272281	1.0198853897996865	1.0198445687884243	1.0199159825891175	1.0000033205286019	8.113381477570145e-5	0.003021801312444963
311.0	1.0200212841039142	1.020020449103949	1.0199792843750117	1.0200512835056001	1.0000033362333662	8.186103350822526e-5	0.0030472152635557304
312.0	1.0201568758503565	1.020156033291759	1.0201145232304392	1.0201871103318179	1.0000033519249525	8.259108157808353e-5	0.0030727550086508747
313.0	1.020292993487298	1.0202921433388228	1.0202502863300478	1.0203234640437717	1.0000033676027922	8.332395504035857e-5	0.003098420784048877
314.0	1.0204296379954898	1.0204287802259109	1.0203865746542615	1.0204603456225232	1.0000033832663142	8.405964967916335e-5	0.003124212825854406
315.0	1.0205668103607666	1.0205659449388644	1.0205233891885959	1.0205977560542034	1.0000033989149444	8.479816248727228e-5	0.0031501313711738495
316.0	1.0207045115740705	1.0207036384686257	1.0206607309236873	1.0207356963300394	1.0000034145481054	8.553949109967455e-5	0.0031761766568713817
317.0	1.0208427426314737	1.0208418618112627	1.0207986008553223	1.0208741674463842	1.0000034301652188	8.628363353209396e-5	0.00320234891984875
318.0	1.020981504534203	1.0209806159679957	1.0209369999844555	1.0210131704047387	1.0000034457657025	8.703058805020532e-5	0.0032286483975858273
319.0	1.0211207982886639	1.0211199019452046	1.0210759293172245	1.0211527062117622	1.000003461348972	8.778035475682437e-5	0.0032550753285067384
320.0	1.0212606249064637	1.0212597207544725	1.0212153898649892	1.0212927758793142	1.0000034769144388	8.853293363381183e-5	0.0032816299496492866
321.0	1.0214009854044366	1.021400073412602	1.0213553826443498	1.0214333804244715	1.0000034924615129	8.928832530297946e-5	0.003308312499532581
322.0	1.0215418808046677	1.0215409609416404	1.0214959086771715	1.0215745208695532	1.000003507989601	9.004653109080818e-5	0.0033351232166310327
323.0	1.0216833121345172	1.0216823843688958	1.021636968990601	1.0217161982421386	1.000003523498108	9.080755361470409e-5	0.003362062340110132
324.0	1.021825280426646	1.0218243447269766	1.0217785646171025	1.021858413575102	1.0000035389864343	9.157139556515377e-5	0.003389130108496953
325.0	1.0219677867190404	1.0219668430538031	1.0219206965944763	1.0220011679066314	1.000003554453978	9.233806090060319e-5	0.003416326760915863
326.0	1.0221108320550363	1.0221098803926412	1.0220633659658838	1.0221444622802556	1.0000035699001357	9.310755402098871e-5	0.003443652536997883
327.0	1.022254417483346	1.0222534577921225	1.0222065737798751	1.0222882977448684	1.0000035853242988	9.387988028866073e-5	0.003471107676594542
328.0	1.0223985440580814	1.0223975763062723	1.0223503210904121	1.0224326753547548	1.0000036007258577	9.465504570186042e-5	0.003498692419253025
329.0	1.0225432128387828	1.022542236994533	1.0224946089568936	1.0225775961696162	1.000003616104198	9.543305726334327e-5	0.003526407005668108
330.0	1.0226884248904415	1.0226874409217892	1.0226394384441808	1.022723061254593	1.0000036314587044	9.621392287102263e-5	0.0035542516762447156
331.0	1.0228341812835282	1.022833189158397	1.0227848106226236	1.0228690716802962	1.0000036467887574	9.69976511652804e-5	0.0035822266710729815
332.0	1.0229804830940172	1.0229794827802092	1.02293072656809	1.023015628522832	1.0000036620937343	9.778425146322398e-5	0.0036103322317702405
333.0	1.0231273314034146	1.0231263228685998	1.0230771873619877	1.0231627328638264	1.0000036773730094	9.857373406193635e-5	0.0036385685988500555
334.0	1.0232747272987837	1.023273710510486	1.0232241940912876	1.0233103857904466	1.000003692625955	9.936611062825564e-5	0.003666936014822984
335.0	1.0234226718727717	1.0234216467983643	1.0233717478485567	1.0234585883954377	1.000003707851939	0.00010016139328643188	0.0036954347201338072
336.0	1.0235711662236373	1.023570132830332	1.0235198497319833	1.0236073417771445	1.0000037230503267	0.00010095959513831251	0.0037240649572383637
337.0	1.0237202114552775	1.0237191697101145	1.0236685008454043	1.0237566470395387	1.0000037382204807	0.00010176073026250992	0.00375282696808211
338.0	1.0238698086772549	1.0238687585470911	1.023817702298325	1.0239065052922438	1.0000037533617594	0.00010256481388705564	0.0037817209951163354
339.0	1.0240199590048247	1.024018900456323	1.0239674552059541	1.0240569176505654	1.0000037684735195	0.00010337186228000698	0.0038107472809688725
340.0	1.0241706635589634	1.0241695965585873	1.0241177606892347	1.0242078852355225	1.000003783555112	0.00010418189214149022	0.0038399060681367425
341.0	1.0243219234663956	1.0243208479803918	1.0242686198748576	1.0243594091738646	1.000003798605888	0.00010499492192554669	0.003869197600066604
342.0	1.0244737398596235	1.024472655854014	1.0244200338953027	1.024511490598109	1.0000038136251925	0.00010581097077665746	0.0038986221196763444
343.0	1.0246261138769537	1.0246250213175243	1.0245720038888617	1.0246641306465663	1.000003828612369	0.00010663005896248661	0.003928179870782219
344.0	1.0247790466625264	1.0247779455148143	1.0247245309996635	1.0248173304633659	1.0000038435667564	0.00010745220793788196	0.003957871096707522
345.0	1.024932539366344	1.024931429595629	1.0248776163777096	1.0249710911984902	1.0000038584876914	0.00010827743995385779	0.0039876960413842664
346.0	1.0250865931443003	1.0250854747155898	1.0250312611788983	1.0251254140077988	1.000003873374506	0.0001091057787716332	0.004017654949500572
347.0	1.025241209158209	1.0252400820362277	1.0251854665650508	1.0252803000530581	1.0000038882265303	0.00010993724903323429	0.004047748064568477
348.0	1.0253963885758337	1.0253952527250068	1.0253402337039412	1.0254357505019667	1.00000390304309	0.00011077187706185186	0.004077975632061388
349.0	1.0255521325709167	1.0255509879553661	1.0254955637693368	1.0255917665282002	1.0000039178235078	0.00011160968947468829	0.004108337895705819
350.0	1.0257084423232097	1.0257072889067376	1.025651457941015	1.025748349311424	1.0000039325671022	0.00011245071450304822	0.004138835101051262
351.0	1.0258653190185023	1.025864156764574	1.0258079174047905	1.0259055000373243	1.0000039472731896	0.00011329498196924872	0.004169467493451699
352.0	1.0260227638486539	1.0260215927203877	1.025964943352557	1.0260632198976474	1.0000039619410817	0.00011414252270086216	0.004200235317931951
353.0	1.0261807780116223	1.0261795979717765	1.0261225369823086	1.026221510090224	1.0000039765700868	0.000114993368724453	0.004231138820092893
354.0	1.0263393627114963	1.0263381737224617	1.026280699498182	1.0263803718190083	1.0000039911595102	0.00011584755274518258	0.0042621782455228375
355.0	1.0264985191585245	1.0264973211822985	1.0264394321104626	1.0265398062940878	1.0000040057086526	0.00011670511000632625	0.0042933538409401575
356.0	1.0266582485691478	1.0266570415673266	1.0265987360356397	1.0266998147317346	1.0000040202168121	0.00011756607642704883	0.004324665852046966
357.0	1.0268185521660296	1.026817336099796	1.026758612496427	1.0268603983544304	1.000004034683283	0.0001184304890989751	0.004356114524823454
358.0	1.0269794311780882	1.0269782060081933	1.0269190627217937	1.0270215583908942	1.0000040491073556	0.00011929838686877083	0.004387700106496754
359.0	1.0271408868405283	1.0271396525272836	1.027080087947004	1.0271832960761234	1.0000040634883158	0.00012016980927721533	0.004419422843244017
360.0	1.027302920394872	1.0273016768981236	1.0272416894136291	1.0273456126514062	1.0000040778254473	0.00012104479835235284	0.004451282982394108
361.0	1.0274655330889924	1.0274642803681104	1.0274038683695976	1.0275085093643732	1.0000040921180287	0.00012192339709446537	0.004483280770844772
362.0	1.0276287261771453	1.0276274641910148	1.027566626069227	1.0276719874690257	1.000004106365336	0.0001228056493885596	0.004515416455642226
363.0	1.0277925009200015	1.0277912296269995	1.0277299637732449	1.0278360482257611	1.0000041205666397	0.00012369160125637785	0.004547690284171319
364.0	1.02795685858468	1.0279555779426635	1.0278938827488295	1.0280006929014096	1.0000041347212076	0.00012458129988233922	0.004580102504626373
365.0	1.0281218004447823	1.0281205104110676	1.0280583842696378	1.028165922769267	1.0000041488283045	0.00012547479434657028	0.004612653364926223
366.0	1.0282873277804228	1.0282860283117727	1.0282234696158417	1.0283317391091262	1.0000041628871892	0.00012637213499681752	0.004645343112062249
367.0	1.0284534418782652	1.0284521329308678	1.0283891400741583	1.0284981432073121	1.0000041768971175	0.00012727337418112926	0.004678171994923602
368.0	1.0286201440315554	1.0286188255610216	1.0285553969378982	1.0286651363567272	1.000004190857342	0.00012817856441100175	0.004711140260923262
369.0	1.0287874355401556	1.0287861075014815	1.028722241506969	1.0288327198568545	1.0000042047671105	0.00012908776179258372	0.004744248159729331
370.0	1.028955317710578	1.0289539800581398	1.028889675087935	1.029000895013822	1.000004218625666	0.00013000102289431557	0.0047774959390502105
371.0	1.0291237918560199	1.0291224445435534	1.0290576989940428	1.0291696631404237	1.0000042324322482	0.000130918406234894	0.004810883847803886
372.0	1.0292928592963992	1.029291502276982	1.029226314545256	1.0293390255561572	1.0000042461860945	0.0001318399719792433	0.0048444121348611225
373.0	1.0294625213583888	1.029461154584425	1.0293955230682945	1.0295089835872602	1.0000042598864347	0.00013276578169947557	0.004878081049407769
374.0	1.029632779375451	1.0296314027986477	1.0295653258966557	1.029679538566737	1.0000042735324963	0.00013369589923590785	0.004911890840573308
375.0	1.029803634687875	1.0298022482592208	1.0297357243706609	1.029850691834399	1.0000042871235033	0.00013463039043599186	0.004945841758094961
376.0	1.0299750886428116	1.029973692312572	1.0299067198375003	1.0300224447369157	1.0000043006586745	0.0001355693215353128	0.004979934049789843
377.0	1.0301471425943096	1.030145736311992	1.0300783136512424	1.0301947986278195	1.000004314137224	0.00013651276206666732	0.005014167967588272
378.0	1.0303197979033516	1.0303183816176933	1.0302505071728933	1.0303677548675678	1.0000043275583623	0.0001374607826801657	0.005048543759766129
379.0	1.030493055937892	1.030491629596836	1.03042330177042	1.0305413148235647	1.0000043409212958	0.0001384134563268981	0.00508306167656802
380.0	1.0306669180728927	1.0306654816235767	1.0305966988188002	1.0307154798702138	1.0000043542252262	0.0001393708569423127	0.005117721967442937
381.0	1.0308413856903602	1.030839939079083	1.030770699700034	1.03089025138893	1.00000436746935	0.00014033306164194892	0.005152524883862404
382.0	1.0310164601793845	1.0310150033515963	1.0309453058032154	1.031065630768204	1.0000043806528611	0.00014130014839226272	0.005187470674424517
383.0	1.0311921429361752	1.0311906758364473	1.0311205185245358	1.0312416194036176	1.0000043937749465	0.00014227219805496165	0.005222559590515612
384.0	1.0313684353641002	1.031366957936116	1.031296339267352	1.0314182186979026	1.0000044068347915	0.00014324929225258232	0.005257791882147372
385.0	1.0315453388737246	1.031543851060245	1.0314727694421975	1.031595430060956	1.000004419831575	0.00014423151590725462	0.005293167800235153
386.0	1.0317228548828477	1.0317213566256975	1.0316498104668377	1.0317732549098968	1.0000044327644713	0.0001452189551711852	0.005328687595300961
387.0	1.0319009848165437	1.0318994760565803	1.0318274637662972	1.031951694669089	1.0000044456326511	0.00014621169914642236	0.005364351518243588
388.0	1.0320797301071996	1.0320782107843038	1.0320057307729156	1.0321307507702013	1.00000445843528	0.00014720983770873385	0.00540015981960184
389.0	1.0322590921945547	1.0322575622475965	1.0321846129263634	1.0323104246522252	1.0000044711715184	0.00014821346402302328	0.005436112750582496
390.0	1.0324390725257413	1.0324375318925636	1.0323641116737028	1.0324907177615288	1.0000044838405224	0.00014922267266871808	0.005472210562065365
391.0	1.0326196725553236	1.032618121172714	1.032544228469411	1.032671631551886	1.0000044964414443	0.0001502375609280386	0.005508453506233019
392.0	1.0328008937453383	1.0327993315490045	1.032724964775426	1.0328531674845214	1.00000450897343	0.0001512582283099546	0.005544841832995133
393.0	1.0329827375653358	1.0329811644898925	1.0329063220611978	1.0330353270281614	1.000004521435621	0.00015228477553722969	0.005581375794349769
394.0	1.0331652054924205	1.0331636214713449	1.0330883018037016	1.0332181116590466	1.0000045338271546	0.00015331730755346006	0.005618055642377288
395.0	1.0333482990112925	1.0333467039769184	1.0332709054875093	1.0334015228610065	1.0000045461471634	0.00015435592971524507	0.00565488162719355
396.0	1.0335320196142883	1.0335304134977732	1.033454134604814	1.0335855621254793	1.0000045583947736	0.00015540075049804604	0.005691854001673692
397.0	1.0337163688014237	1.0337147515327176	1.033637990655465	1.0337702309515522	1.0000045705691074	0.00015645188127783112	0.005728973017147726
398.0	1.033901348080435	1.033899719588269	1.033822475147033	1.033955530846024	1.0000045826692823	0.00015750943443776415	0.005766238925007723
399.0	1.0340869589668227	1.034085319178668	1.0340075895948255	1.034141463323421	1.0000045946944103	0.0001585735261793857	0.005803651977647342
400.0	1.0342732029838924	1.0342715518259427	1.0341933355219468	1.0343280299060578	1.0000046066435984	0.00015964427435001348	0.005841212426501756
401.0	1.0344600816627993	1.034458419059941	1.034379714459334	1.0345152321240734	1.0000046185159481	0.00016072179949217603	0.005878920524254361
402.0	1.0346475965425923	1.0346459224183764	1.0345667279457993	1.0347030715154735	1.0000046303105563	0.0001618062247973794	0.0059167765222759875
403.0	1.0348357491702556	1.0348340634468711	1.0347543775280772	1.034891549626177	1.0000046420265147	0.00016289767586678263	0.00595478067313162
404.0	1.0350245411007541	1.0350228436989999	1.0349426647608633	1.0350806680100577	1.0000046536629086	0.00016399628094407293	0.005992933228599807
405.0	1.0352139738970783	1.035212264736334	1.0351315912068602	1.0352704282289888	1.0000046652188197	0.00016510217089066854	0.006031234441126721
406.0	1.0354040491302876	1.035402328128487	1.035321158436826	1.03546083185289	1.0000046766933237	0.0001662154790751383	0.006069684562897717
407.0	1.0355947683795568	1.0355930354531586	1.035511368029613	1.035651880459769	1.00000468808549	0.00016733634149856803	0.006108283846539696
408.0	1.0357861332322205	1.0357843882961775	1.0357022215722138	1.0358435756357667	1.000004699394384	0.00016846489704838282	0.006147032544043068
409.0	1.0359781452838193	1.0359763882515458	1.0358937206598045	1.036035918975201	1.000004710619065	0.00016960128758039067	0.006185930908300205
410.0	1.0361708061381458	1.036169036921494	1.0360858668957988	1.0362289120806216	1.0000047217585863	0.00017074565712209893	0.006224979191470019
411.0	1.0363641174072913	1.0363623359165148	1.0362786618918853	1.0364225565628435	1.0000047328119968	0.0001718981530265953	0.006264177646087224
412.0	1.0365580807116923	1.0365562868554141	1.0364721072680723	1.0366168540409997	1.0000047437783384	0.00017305892564703474	0.0063035265252063
413.0	1.0367526976801777	1.0367508913653696	1.036666204652749	1.0368118061425973	1.0000047546566486	0.0001742281271333461	0.006343026080295899
414.0	1.0369479699500164	1.0369461510819549	1.0368609556827137	1.0370074145035448	1.0000047654459594	0.0001754059137206286	0.006382676565132451
415.0	1.0371438991669653	1.0371420676492025	1.0370563620032287	1.037203680768212	1.0000047761452948	0.00017659244433254257	0.006422478231980662
416.0	1.0373404869853171	1.0373386427196492	1.0372524252680713	1.0374006065894774	1.000004786753676	0.00017778788074882137	0.006462431333644291
417.0	1.0375377350679496	1.0375358779543873	1.0374491471395848	1.0375981936287808	1.0000047972701165	0.00017899238740874096	0.006502536122196794
418.0	1.0377356450863737	1.0377337750231077	1.037646529288717	1.0377964435561624	1.0000048076936245	0.0001802061319636767	0.006542792851158971
419.0	1.037934218720784	1.037932335604143	1.0378445733950676	1.03799535805031	1.0000048180232022	0.00018142928589317235	0.0065832017735872805
420.0	1.0381334576601078	1.0381315613845343	1.0380432811469527	1.0381949387986236	1.0000048282578462	0.00018266202283165697	0.006623763141447853
421.0	1.0383333636020544	1.03833145406006	1.0382426542414336	1.0383951874972448	1.000004838396547	0.0001839045205752216	0.006664477208263603
422.0	1.0385339382531673	1.0385320153353133	1.0384426943843956	1.0385961058511357	1.0000048484382882	0.00018515695859611992	0.0067053442260914505
423.0	1.0387351833288743	1.0387332469237185	1.03864340329056	1.0387976955740923	1.000004858382048	0.00018641952124624338	0.006746364448617624
424.0	1.0389371005535382	1.0389351505476094	1.0388447826835705	1.0389999583888272	1.0000048682267997	0.00018769239520769282	0.0067875381283283845
425.0	1.039139691660509	1.0391377279382665	1.03904683429602	1.039202896027002	1.000004877971507	0.00018897577083527395	0.006828865518727479
426.0	1.0393429583921763	1.0393409808359737	1.0392495598695142	1.0394065102292889	1.0000048876151313	0.00019026984178827213	0.00687034687159384
427.0	1.0395469025000212	1.0395449109900667	1.0394529611547179	1.0396108027454156	1.0000048971566249	0.00019157480530340907	0.00691198244075834
428.0	1.0397515257446692	1.0397495201589957	1.0396570399114162	1.039815775334229	1.0000049065949348	0.00019289086131423706	0.00695377247863513
429.0	1.0399568298959438	1.039954810110361	1.039861797908553	1.0400214297637338	1.0000049159290016	0.00019421821413369216	0.006995717238587044
430.0	1.0401628167329198	1.040160782620987	1.0400672369243007	1.0402277678111607	1.0000049251577607	0.00019555707048425874	0.007037816973380982
431.0	1.0403694880439778	1.0403674394769498	1.0402733587460915	1.0404347912629999	1.0000049342801378	0.00019690764209780206	0.00708007193620657
432.0	1.040576845626858	1.0405747824736526	1.04048016517069	1.040642501915074	1.0000049432950548	0.00019827014353241153	0.007122482380114419
433.0	1.0407848912887165	1.040782813415874	1.0406876580042435	1.0408509015725862	1.0000049522014265	0.00019964479306394838	0.0071650485572413445
434.0	1.0409936268461792	1.0409915341178282	1.040895839062339	1.04105999205018	1.0000049609981598	0.00020103181201938878	0.007207770721258161
435.0	1.041203054125398	1.0412009464032053	1.041104710170046	1.041269775171982	1.0000049696841566	0.0002024314262648281	0.007250649125228418
436.0	1.0414131749621078	1.0414110521052338	1.0413142731619776	1.0414802527716631	1.0000049782583107	0.00020384386573006762	0.007293684022135517
437.0	1.041623991201682	1.041621853066752	1.0415245298823614	1.0416914266925097	1.0000049867195104	0.0002052693628465486	0.007336875664278977
438.0	1.0418355046991907	1.04183335114024	1.0417354821850744	1.0419032987874557	1.0000049950666356	0.00020670815507920078	0.007380224305229412
439.0	1.0420477173194576	1.0420455481878943	1.0419471319337124	1.042115870919158	1.0000050032985603	0.00020816048317215537	0.007423730198371264
440.0	1.0422606309371174	1.0422584460816753	1.0421594810016397	1.0423291449600447	1.000005011414151	0.0002096265921660848	0.007467393596235387
441.0	1.0424742474366762	1.0424720467033755	1.0423725312720578	1.0425431227923796	1.000005019412268	0.00021110673056116657	0.007511214751473031
442.0	1.0426885687125682	1.0426863519446585	1.0425862846380447	1.0427578063083087	1.000005027291764	0.00021260115207906354	0.007555193917828467
443.0	1.0429035966692168	1.0429013637071483	1.0428007430026416	1.0429731974099403	1.0000050350514835	0.0002141101129302757	0.007599331347000452
444.0	1.043119333221093	1.043117083902461	1.0430159082788848	1.0431892980093849	1.0000050426902651	0.00021563387432132176	0.007643627293789559
445.0	1.043335780292777	1.0433335144522757	1.0432317823898793	1.043406110028821	1.00000505020694	0.0002171727016387416	0.007688082009595487
446.0	1.0435529398190182	1.0435506572883988	1.0434483672688606	1.0436236354005626	1.0000050576003323	0.0002187268639957762	0.007732695748074468
447.0	1.0437708137447963	1.0437685143528106	1.0436656648592386	1.0438418760671038	1.0000050648692576	0.0002202966355665184	0.007777468762469875
448.0	1.043989404025384	1.0439870875977468	1.0438836771146853	1.044060833981202	1.0000050720125253	0.00022188229385562035	0.007822401305031092
449.0	1.0442087126264086	1.0442063789857412	1.0441024059991715	1.0442805111059201	1.0000050790289363	0.00022348412143621265	0.007867493629474259
450.0	1.0444287415239142	1.0444263904896958	1.0443218534870387	1.0445009094146958	1.0000050859172847	0.00022510240526194802	0.007912745988549325
451.0	1.044649492704426	1.0446471240929482	1.0445420215630672	1.0447220308914111	1.0000050926763562	0.00022673743627742813	0.007958158634480008
452.0	1.0448709681650135	1.0448685817893277	1.0447629122225306	1.0449438775304465	1.0000050993049299	0.00022838951013411308	0.008003731821698808
453.0	1.0450931699133545	1.045090765583221	1.0449845274712626	1.0451664513367482	1.0000051058017758	0.0002300589270766527	0.008049465801885643
454.0	1.0453160999678002	1.045313677489631	1.0452068693257146	1.0453897543258863	1.0000051121656575	0.0002317459923603463	0.008095360829041099
455.0	1.0455397603574403	1.0455373195342594	1.0454299398130364	1.0456137885241379	1.0000051183953296	0.00023345101482035688	0.008141417154994264
456.0	1.045764153122169	1.0457616937535517	1.045653740971126	1.045838555968532	1.0000051244895392	0.00023517430867007954	0.008187635033793373
457.0	1.0459892803127513	1.0459868021947658	1.0458782748486926	1.0460640587069183	1.0000051304470252	0.00023691619332291233	0.008234014718404702
458.0	1.0462151439908889	1.0462126469160484	1.046103543505335	1.046290298798044	1.0000051362665194	0.00023867699247135963	0.008280556461088003
459.0	1.0464417462292892	1.046439229986503	1.0463295490116102	1.0465172783116214	1.0000051419467433	0.00024045703405845893	0.008327260515023553
460.0	1.0466690891117316	1.0466665534862354	1.046556293449079	1.0467449993283742	1.0000051474864124	0.00024225665232819503	0.008374127133963712
461.0	1.0468971747331375	1.0468946195064497	1.0467837789103964	1.0469734639401322	1.0000051528842326	0.000244076185270649	0.008421156570315166
462.0	1.0471260051996376	1.0471234301495034	1.0470120074993756	1.0472026742498888	1.0000051581389031	0.00024591597586613435	0.008468349076977404
463.0	1.0473555826286431	1.0473529875289638	1.0472409813310362	1.047432632371855	1.0000051632491123	0.000247776373412441	0.008515704908033954
464.0	1.0475859091489148	1.0475832937696972	1.0474707025316965	1.0476633404315514	1.0000051682135418	0.00024965773162849035	0.008563224315796153
465.0	1.0478169869006335	1.0478143510079372	1.0477011732390427	1.0478948005658746	1.0000051730308634	0.00025156040885833804	0.008610907553255427
466.0	1.0480488180354728	1.0480461613913459	1.047932395602185	1.0481270149231587	1.0000051776997423	0.0002534847691434856	0.008658754873523345
467.0	1.0482814047166693	1.0482787270790859	1.0481643717817377	1.0483599856632484	1.0000051822188332	0.0002554311820651527	0.00870676653028933
468.0	1.0485147491190956	1.048512050241901	1.0483971039498896	1.0485937149575788	1.0000051865867825	0.00025740002197254447	0.008754942776731316
469.0	1.0487488534293337	1.0487461330621792	1.0486305942904754	1.0488282049892403	1.000005190802228	0.00025939166899054773	0.008803283865656066
470.0	1.048983719845748	1.0489809777340249	1.0488648449990432	1.0490634579530498	1.0000051948637982	0.00026140650909462843	0.008851790050803821
471.0	1.0492193505785594	1.0492165864633474	1.0490998582829412	1.0492994760556367	1.0000051987701137	0.0002634449327041452	0.008900461584933595
472.0	1.0494557478499213	1.049452961467914	1.049335636361377	1.0495362615155024	1.0000052025197839	0.0002655073368320351	0.008949298721720213
473.0	1.0496929138939934	1.0496901049774385	1.0495721814654986	1.0497738165631023	1.0000052061114113	0.0002675941237412224	0.008998301714686805
474.0	1.0499308509570187	1.049928019233655	1.049809495838472	1.0500121434409244	1.0000052095435883	0.00026970570118889706	0.009047470816815376
475.0	1.0501695612973994	1.0501667064903897	1.0500475817355528	1.0502512444035588	1.0000052128148977	0.0002718424828606727	0.009096806282420824
476.0	1.0504090471857757	1.0504061690136368	1.0502864414241595	1.0504911217177746	1.000005215923913	0.0002740048885292624	0.009146308364138132
477.0	1.0506493109051016	1.0506464090816399	1.0505260771839555	1.050731777662601	1.000005218869199	0.0002761933436422288	0.00919597731621306
478.0	1.0508903547507251	1.0508874289849692	1.0507664913069295	1.0509732145294068	1.0000052216493098	0.000278408279480698	0.009245813392335532
479.0	1.0511321810304666	1.0511292310265974	1.0510076860974646	1.0512154346219724	1.0000052242627913	0.0002806501334867617	0.009295816845377633
480.0	1.0513747920646987	1.0513718175219866	1.0512496638724311	1.0514584402565805	1.0000052267081783	0.0002829193485132446	0.009345987930258405
481.0	1.0516181901864274	1.0516151907991516	1.0514924269612451	1.0517022337620776	1.000005228983997	0.0002852163745237079	0.009396326900384047
482.0	1.0518623777413725	1.0518593531987512	1.0517359777059623	1.0519468174799655	1.000005231088763	0.0002875416675457438	0.009446834009942059
483.0	1.0521073570880497	1.0521043070741742	1.0519803184613623	1.0521921937644902	1.000005233020982	0.000289895689343186	0.009497509513173163
484.0	1.0523531305978533	1.052350054791613	1.0522254515950227	1.052438364982711	1.0000052347791506	0.00029227890818587615	0.009548353663222053
485.0	1.0525997006551389	1.052596598730144	1.0524713794873992	1.0526853335145845	1.000005236361754	0.0002946917990697884	0.009599366716096132
486.0	1.052847069657308	1.0528439412818222	1.0527181045319174	1.052933101753058	1.0000052377672681	0.0002971348428400671	0.009650548924534989
487.0	1.0530952400148919	1.0530920848517409	1.052965629135037	1.053181672104131	1.0000052389941583	0.0002996085283725169	0.009701900544732276
488.0	1.0533442141516374	1.0533410318581609	1.0532139557163755	1.0534310469869812	1.0000052400408794	0.000302113348491153	0.009753421828984485
489.0	1.053593994504593	1.0535907847325436	1.0534630867087476	1.0536812288340025	1.0000052409058762	0.00030464980495367467	0.0098051130338856
490.0	1.0538445835241943	1.0538413459196687	1.0537130245582735	1.0539322200909174	1.0000052415875824	0.00030721840546530597	0.009856974414242934
491.0	1.0540959836743538	1.054092717877713	1.0539637717244665	1.0541840232168616	1.000005242084422	0.0003098196645516589	0.009909006224354349
492.0	1.0543481974325468	1.054344903078333	1.0542153306803086	1.0544366406844612	1.0000052423948071	0.00031245410405116557	0.00996120871970518
493.0	1.0546012272899015	1.0545979040067628	1.0544677039123522	1.0546900749799362	1.0000052425171402	0.0003151222521539078	0.010013582155566848
494.0	1.0548550757512885	1.054851723161896	1.0547208939207997	1.0549443286031779	1.0000052424498116	0.00031782464431514537	0.010066126787007893
495.0	1.0551097453354106	1.0551063630563775	1.0549749032195956	1.0551994040678447	1.000005242191202	0.00032056182288368943	0.010118842870147091
496.0	1.0553652385748955	1.0553618262166913	1.0552297343365145	1.0554553039014465	1.0000052417396796	0.0003233343376774781	0.010171730661173762
497.0	1.0556215580163855	1.0556181151832538	1.0554853898132517	1.0557120306454415	1.000005241093603	0.0003261427455275095	0.01022479041507494
498.0	1.0558787062206325	1.055875232510497	1.0557418722055092	1.055969586855317	1.000005240251318	0.00032898761146260775	0.010278022389454683
499.0	1.05613668576259	1.056133180766982	1.0559991840831078	1.0562279751007044	1.00000523921116	0.0003318695065915315	0.010331426839305059
500.0	1.0563954992315079	1.056391962535474	1.056257328030061	1.0564871979654546	1.0000052379714528	0.0003347890100237245	0.01038500402135058
501.0	1.0566551492310274	1.0566515804130328	1.0565163066446648	1.0567472580477275	1.0000052365305079	0.00033774670925311055	0.010438754194056585
502.0	1.0569156383792775	1.0569120370111371	1.056776122539624	1.0570081579601185	1.000005234886627	0.000340743197431894	0.010492677611270053
503.0	1.0571769693089712	1.057173334955735	1.0570367783421006	1.0572699003297064	1.000005233038097	0.00034377907783147765	0.010546774533811096
504.0	1.0574391446675024	1.0574354768873782	1.0572982766938466	1.05753248779819	1.0000052309831962	0.00034685496019128045	0.010601045217229639
505.0	1.0577021671170463	1.0576984654613073	1.0575606202512926	1.0577959230219733	1.0000052287201886	0.0003499714621111875	0.010655489919066017
506.0	1.0579660393346566	1.05796230334755	1.0578238116856407	1.0580602086722626	1.000005226247327	0.0003531292090356117	0.010710108898417654
507.0	1.0582307640123663	1.0582269932310135	1.0580878536829625	1.0583253474351604	1.0000052235628523	0.0003563288349718337	0.010764902413239423
508.0	1.058496343857289	1.0584925378115901	1.058352748944297	1.0585913420117712	1.0000052206649923	0.0003595709820743457	0.010819870722054401
509.0	1.0587627815917198	1.0587589398042607	1.0586185001857618	1.0588581951183038	1.0000052175519631	0.0003628563003764815	0.010875014083920775
510.0	1.0590300799532393	1.0590262019391914	1.0588851101386427	1.0591259094861702	1.0000052142219682	0.00036618544848678053	0.010930332757391985
511.0	1.059298241694816	1.0592943269618362	1.0591525815494995	1.0593944878620871	1.0000052106731985	0.00036955909352954136	0.0109858270028332
512.0	1.059567269584911	1.0595633176330548	1.0594209171802826	1.0596639330081932	1.0000052069038319	0.0003729779099117693	0.011041497079095389
