0.0	0.19999999999999754	0.3999999999999951	0.5999999999999925	0.7999999999999902	0.9999999999999876	0.0028409090909030116	0.20284090909090058	0.40284090909089815	0.6028409090908956	0.8028409090908932	1.0028409090908907	0.005681818181809874	0.20568181818180745	0.405681818181805	0.6056818181818024	0.8056818181818001	1.0056818181817975	0.008522727272717716	0.20852272727271529	0.4085227272727128	0.6085227272727104	0.8085227272727079	1.0085227272727053	0.011363636363614654	0.21136363636361222	0.41136363636360973	0.6113636363636072	0.8113636363636049	1.0113636363636023	0.014204545454523125	0.21420454545452067	0.41420454545451824	0.6142045454545157	0.8142045454545134	1.0142045454545108	0.0	0.0	0.0	0.0	0.0	0.0	0.20000000000000245	0.20000000000000248	0.20000000000000248	0.20000000000000248	0.2000000000000025	0.20000000000000254	0.40000000000000485	0.40000000000000496	0.40000000000000496	0.40000000000000496	0.400000000000005	0.4000000000000051	0.6000000000000073	0.6000000000000073	0.6000000000000074	0.6000000000000074	0.6000000000000074	0.6000000000000075	0.8000000000000097	0.8000000000000098	0.8000000000000099	0.8000000000000099	0.8000000000000099	0.80000000000001	1.0000000000000122	1.0000000000000122	1.0000000000000122	1.0000000000000124	1.0000000000000124	1.0000000000000124
0.0	0.2000302755948558	0.40006054689215376	0.600090814406677	0.800121078138166	1.000151337571315	0.00568181640891747	0.20571209154264625	0.405742362707643	0.6057726302733045	0.8058028942449474	1.005833154268147	0.011363629721557173	0.21139390367111122	0.4114241743916559	0.6114544420038132	0.8114847065165784	1.0115149678300959	0.017045440083250145	0.21707571264914438	0.4171059827958986	0.6171362504472783	0.8171665156125013	1.017196778388997	0.022727247833141666	0.22275751918815936	0.42278778887255875	0.62281805655599	0.8228483222444384	1.0228785862845102	0.028409053102533142	0.2284393239472715	0.4284695934706257	0.6284998611817751	0.8285301270815754	1.0285603916624675	0.0	0.0	0.0	0.0	0.0	0.0	0.19996972976675734	0.19996973431910695	0.19996973813754745	0.1999697417623375	0.19996974558122887	0.19996975013447643	0.3999394608676558	0.3999394691811244	0.3999394764341759	0.3999394833664423	0.3999394906202642	0.39993949893524927	0.5999091938020228	0.5999092049336515	0.5999092149875571	0.5999092247147683	0.5999092347696487	0.599909245903177	0.7998789285698181	0.7998789415766416	0.7998789537976345	0.799878965807253	0.7998789780293323	0.7998789910382544	0.999848664671665	0.9998486787624237	0.9998486927666479	0.9998487067413704	0.9998487207467146	0.9998487348396312
0.0	0.2000807759565721	0.40016153327571924	0.600242274237423	0.8003229988426831	1.000403704810847	0.008523578824322925	0.20860435305051367	0.4086851100317362	0.608765851432635	0.8088465773032086	1.0089272861199419	0.01704714437188476	0.2171279136802359	0.4172086689418236	0.6172894107411095	0.8173701391625964	1.0174508538205476	0.02557069728095933	0.22565146075222325	0.42573221368579783	0.625812955823049	0.8258936872511089	1.0259744084324267	0.03409423901246404	0.23417499732994898	0.43425574839214853	0.6343364908079343	0.8344172246351009	1.0344979514212	0.04261777008125823	0.24269852624042576	0.44277927672003337	0.6428600193765996	0.8429407542238603	1.0430214834296707	0.0	0.0	0.0	0.0	0.0	0.0	0.19991925050133905	0.1999192701900707	0.19991928666954162	0.19991930230548144	0.19991931878192187	0.19991933846656038	0.39983850672783405	0.39983854270692804	0.39983857402844886	0.39983860393446746	0.39983863524673074	0.39983867119882105	0.5997577708793776	0.5997578190670989	0.5997578624942744	0.5997579044689918	0.599757947876773	0.5997579960058634	0.7996770429605521	0.7996770992699203	0.7996771520640678	0.799677203906073	0.7996772566713919	0.7996773128925592	0.9995963207785069	0.9995963817958314	0.9995964423177932	0.9995965026613158	0.9995965631453446	0.9995966240573285
0.0	0.20015157188440524	0.4003030950236025	0.6004545754771692	0.8006060132467695	1.0007574022628536	0.011367053852169535	0.21151862191718368	0.41167014478056074	0.6118216269464446	0.8119730686101266	1.012124465824506	0.022734073325923088	0.22288562910245283	0.4230371480067909	0.6231886317248316	0.8233400805923292	1.023491493713636	0.034101060130082225	0.23425260107064977	0.4344041143064687	0.6345555993427113	0.8347070565277611	1.0348584871711282	0.04546801806802678	0.2456195457931139	0.44577105447852744	0.6459225406032544	0.8460740043999542	1.0462254500201935	0.05683494836012647	0.2569864705903826	0.45713797804876816	0.6572894651149425	0.8574409318514641	1.0575923839888974	0.0	0.0	0.0	0.0	0.0	0.0	0.19984851535211118	0.19984856674463894	0.19984860968193136	0.1998486504055966	0.19984869333465335	0.19984874471952938	0.39969704557322583	0.39969713953012653	0.3996972211716833	0.39969729906233964	0.3996973806727693	0.39969747453033005	0.5995455964789752	0.5995457223375069	0.5995458355485295	0.5995459448889366	0.5995460580275986	0.5995461836542679	0.7993941680894189	0.7993943151635791	0.7993944527992191	0.7993945878720654	0.799394725396128	0.7993948721127925	0.9992427546183759	0.9992429140135175	0.9992430718335744	0.9992432290826699	0.9992433867521142	0.999243545715705
0.0	0.20024276550532302	0.4004854306921787	0.6007280081897094	0.8009704979893305	1.0012128874059165	0.014213101948071552	0.21445586104797523	0.4146985269033939	0.6149411090758904	0.8151836080924264	1.0154260159096933	0.028426133791182064	0.22866886878601342	0.4289115275921404	0.6291541140007763	0.8293966289347134	1.02963907076991	0.04263909915107477	0.24288180450003122	0.44312445250466903	0.6433670425112472	0.8436095754832483	1.043852054320229	0.05685200582879307	0.2570946845332121	0.45733732387075227	0.6575799168496244	0.8578224641171877	1.058064974420241	0.07106485609736704	0.27130752381132844	0.4715501612231966	0.6717927567744519	0.8720353106528232	1.0722778347484336	0.0	0.0	0.0	0.0	0.0	0.0	0.1997574586418948	0.1997575642390811	0.19975765232149767	0.19975773583688233	0.1997578239210898	0.1997579295456808	0.3995149477384616	0.39951514085474776	0.39951530838270344	0.3995154681142733	0.3995156356019524	0.39951582854009554	0.5992724793468951	0.5992727380585282	0.5992729703834153	0.5992731946273343	0.5992734268157974	0.5992736850235781	0.7990300535191984	0.7990303558399874	0.7990306382865575	0.7990309153389472	0.7990311975532604	0.7990314990530212	0.9987876582715234	0.9987879859481741	0.9987883098608608	0.998788632424387	0.9987889560049047	0.9987892826693778
0.0	0.200354489684985	0.4007088003365454	0.6010629547272185	0.8014169528060088	1.0017707716110624	0.017062588897117145	0.21741706974553235	0.4177713837730487	0.6181255485456316	0.8184795652179391	1.0188334195800532	0.034125053758342176	0.23447949370203675	0.43483379709217723	0.6351879712694841	0.835542018291621	1.0358959356368522	0.05118740126012388	0.25154178987444253	0.451896075525533	0.6522502576888622	0.8526043385260047	1.0529583235811377	0.06824964528741766	0.2686039873454979	0.4689582587576683	0.6693124475183319	0.8696665550898054	1.0700205974380568	0.0853117894941824	0.285666112514484	0.48602038154375876	0.6863745760176557	0.8867286963875024	1.087082764019389	0.0	0.0	0.0	0.0	0.0	0.0	0.1996459966940646	0.19964618487563954	0.1996463416158021	0.19964649019192054	0.1996466469954583	0.19964683535452402	0.39929204755561853	0.39929239178248044	0.39929268995345485	0.3992929741053314	0.3992932722974919	0.39929361636501803	0.5989381742144898	0.5989386353946569	0.5989390489069251	0.5989394478355496	0.5989398612002066	0.5989403216034189	0.7985843767754449	0.7985849156848774	0.7985854183934544	0.7985859113001369	0.7985864136802158	0.7985869511884317	0.9982306337507454	0.998231217888403	0.9982317944448713	0.9982323683349508	0.9982329443628998	0.9982335267132901
0.0	0.20048690860284246	0.40097352665322783	0.6014598914310182	0.8019460027757768	1.0024318229186997	0.019916388140870177	0.22040328660625333	0.4208899136431837	0.6213762985535644	0.8218624435487295	1.022348325803183	0.03983257664638039	0.24031941215225638	0.44080602505170713	0.6412924281950024	0.8417786255878191	1.042264613735368	0.059748576723524335	0.26023533147681854	0.4607219180709607	0.6612083366915175	0.8616945915717361	1.0621806923207167	0.07966441085539168	0.2801510916709794	0.4806376571269993	0.6811240885315177	0.8816103887702295	1.0820965843344683	0.09958008434233173	0.3000667352042514	0.5005532984809411	0.7010397409630607	0.901526063592847	1.102012301264168	0.0	0.0	0.0	0.0	0.0	0.0	0.1995140275725392	0.19951433253731407	0.19951458620609447	0.19951482661510034	0.19951508052052958	0.19951538605257302	0.399028142837129	0.39902870078616876	0.39902918341886673	0.39902964317221756	0.39903012605696414	0.39903068414893667	0.5985423810260155	0.598543128576656	0.5985437979125113	0.5985444433750485	0.5985451127209528	0.5985458594205185	0.7980567423198351	0.7980576158470879	0.7980584295253601	0.7980592270635217	0.7980600404619183	0.7980609120820825	0.9975711917211577	0.9975721385841655	0.9975730718286825	0.9975740003925152	0.9975749330116366	0.997575877294557
0.0	0.2006402184757886	0.4012799964200441	0.6019193907783581	0.8025584011626405	1.0031969695596956	0.022775383166695383	0.2234155926273586	0.4240553894650373	0.6246948192892073	0.8253338859525523	1.0259725552046985	0.045550466072571	0.2461905852499971	0.44683036535005677	0.647469827285454	0.8481089781429122	1.048747813519325	0.06832526629975408	0.268965266885666	0.4696050108434069	0.6702445000267413	0.8708837419690504	1.07152275218783	0.09109981786902446	0.2917397088020862	0.4923794236634272	0.6930189353485942	0.8936582490350392	1.0942974057822874	0.11387412788573589	0.3145139748372253	0.5151536889239212	0.7157932201194296	0.9164325702049335	1.117071792411019	0.0	0.0	0.0	0.0	0.0	0.0	0.19936143075371351	0.19936189245407424	0.19936227601131495	0.19936263946695326	0.19936302363413058	0.1993634867130576	0.39872299422287144	0.39872383904665865	0.39872456888940605	0.3987252639060491	0.3987259945482817	0.3987268403832621	0.5980847439629352	0.5980858759124587	0.5980868880840969	0.5980878638222418	0.5980888765078343	0.5980900080522409	0.7974466802527769	0.7974480029259572	0.7974492333062404	0.7974504389312393	0.7974516694141063	0.7974529900733704	0.9968087498815443	0.9968101836121311	0.9968115948110038	0.9968129984616633	0.9968144092229402	0.9968158398772718
0.0	0.2008146484381337	0.4016286622487593	0.602442123998567	0.8032550328833831	1.00406730425915	0.02564046995918469	0.22645511453215483	0.42726916307885693	0.6280826829836984	0.8288956805032535	1.0297081068099927	0.051280510746817595	0.2520950326815758	0.4529090638221533	0.6537226363678749	0.8545357619953907	1.055348435645768	0.07692014856848473	0.2777345051649357	0.4785484895896011	0.6793621067868488	0.8801753692407209	1.0809883007044578	0.10255943234547352	0.30337363449474647	0.5041875812100615	0.7050012352737867	0.9058146053393012	1.1066277518728846	0.12819837099573772	0.32901251185133545	0.5298264610566122	0.7306401471054708	0.931453573123627	1.132266816271931	0.0	0.0	0.0	0.0	0.0	0.0	0.19918806672650982	0.19918873079671565	0.19918928181942547	0.19918980391555677	0.19919035624237336	0.19919102317181966	0.3983763243839071	0.39837753964539097	0.3983785882386978	0.39837958653953465	0.39838063699931986	0.39838185510027224	0.597564850253561	0.5975664785821377	0.5975679327841114	0.5975693342553295	0.597570790069576	0.597572419419579	0.7967536447300597	0.7967555473711826	0.7967573149701173	0.7967590465892521	0.7967608152749799	0.7967627166730903	0.9959426309883318	0.9959446933819327	0.9959467207432295	0.9959487366878025	0.9959507643507619	0.9959528239413206
0.0	0.20101046158551766	0.4020200446657405	0.6030288641813119	0.8040369186315212	1.0050440893604153	0.028512559530595383	0.2295230283379756	0.4305326698120344	0.6315415795309024	0.8325497671170567	1.0335571656870723	0.057024529524227346	0.2580348387895484	0.4590444653655478	0.6600534567136507	0.8610618310425354	1.0620695831269003	0.08553594749734879	0.28654603545530766	0.48755560470989023	0.6885646652726605	0.8895732367210312	1.090581353919174	0.11404688105626098	0.31505676006170225	0.5160662828755113	0.7170754005743735	0.9180841268473996	1.119092547265716	0.14255734074372078	0.34356713775620856	0.5445766689595163	0.7455858362606805	0.9465946448348235	1.1476032021842746	0.0	0.0	0.0	0.0	0.0	0.0	0.1989937765179098	0.19899469419572022	0.19899545480342848	0.19899617545234094	0.19899693853693867	0.19899786154675092	0.3979878170776065	0.3979894966074493	0.39799094414090547	0.3979923219832549	0.39799377323588997	0.397995458913752	0.5969822287601381	0.5969844792090064	0.5969864866165974	0.596988420815198	0.596990431856003	0.596992686351643	0.7959770120829879	0.795979641584565	0.795982081453126	0.7959844711960986	0.7959869140945706	0.7959895446544952	0.994972060508994	0.9949749107700961	0.9949777091525253	0.9949804911159501	0.9949832914496792	0.9949861406019593
0.0	0.20122795619241937	0.4024547345398877	0.6036804899057979	0.804905219695783	1.006128762817053	0.03139258054726622	0.23262056319336866	0.43384743352008454	0.6350733227252884	0.8362982449798573	1.0375221115549846	0.0627843766497537	0.2640121590211672	0.46523902158625646	0.6664650318769033	0.8676902170679648	1.0689145725450024	0.0941754402970903	0.2954029360269894	0.4966297315027653	0.6978558444267136	0.899081304177597	1.100306160220774	0.12556586198566289	0.32679308402387547	0.5280198248727892	0.7292460225052437	0.9304716976453697	1.131696967595187	0.1569556534550415	0.35818276937810983	0.5594095280401312	0.7606357992594484	0.9618615912113492	1.163087049007029	0.0	0.0	0.0	0.0	0.0	0.0	0.19877838114032853	0.1987796091814731	0.19878062595842377	0.1987815893286445	0.19878261043276252	0.19878384767712262	0.3975571160468873	0.3975593637877666	0.3975612989505661	0.3975631407037473	0.3975650825607631	0.39756734189967613	0.5963363483324453	0.5963393601959023	0.596342043754435	0.5963446290294223	0.5963473195821923	0.5963503409107029	0.7951160786274147	0.7951195977090485	0.7951228591714938	0.7951260531562371	0.7951293210072612	0.7951328458257871	0.9938961638866648	0.9938999783634052	0.9939037189727059	0.9939074369156831	0.9939111824978462	0.9939149998319501
0.0	0.20146746711453628	0.4029333958803403	0.6043979894245677	0.8058612435178429	1.007322945108443	0.0342814820697052	0.23574900551343958	0.43721507211055666	0.6386798571677966	0.8401433808278151	1.0416055284311274	0.06856194723036968	0.27002922678866187	0.4714952990411565	0.6729602573146577	0.874424140736711	1.0758869464211867	0.10284146561839022	0.3043083838584078	0.5057743811200269	0.7072394861624757	0.9087037415152055	1.1101672154205977	0.13712015524523885	0.3385867244020947	0.5400526601833887	0.7415178863441355	0.9429824331501075	1.1444464572612327	0.1713980283337369	0.3728644638599468	0.5743304314033952	0.7757957628509028	0.9772604706259884	1.1787247456160737	0.0	0.0	0.0	0.0	0.0	0.0	0.19854168095671154	0.19854328154170925	0.19854460545557207	0.19854585990888599	0.19854719092199188	0.19854880647867612	0.39708382375531964	0.39708675359223145	0.39708927341661726	0.39709167143512963	0.3970942024654814	0.39709715230867243	0.5956266159155391	0.5956305418142654	0.5956340360182901	0.5956374018869856	0.5956409083022163	0.5956448524653954	0.794170058145174	0.794174645088531	0.7941788914689198	0.7941830495614618	0.7941873076709425	0.7941919084675259	0.9927139633953207	0.9927189352910488	0.9927238053622599	0.9927286451916137	0.9927335252037652	0.9927385072656242
0.0	0.20172936738923963	0.4034567690303104	0.6051824654413342	0.8069064500417463	1.0086284471443616	0.03718023642589508	0.23890970344604384	0.440637303595677	0.6423632658985479	0.8440876181530976	1.0458102154022024	0.07435918297375153	0.2760883607934033	0.4778159881420491	0.679542190866919	0.881267023648932	1.0829904868420226	0.1115369321486828	0.31326566481212714	0.5149932123169244	0.7167196186868748	0.9184449436719442	1.1201692792267677	0.14871363452194114	0.35044193173959043	0.5521694131499056	0.7538959875538734	0.9556216978447138	1.1573467487458267	0.18588930175463114	0.3876174345259075	0.5893449672846778	0.7910716878599356	0.9927976145250033	1.1945229930598502	0.0	0.0	0.0	0.0	0.0	0.0	0.19828345495855715	0.19828549559138572	0.19828718190816094	0.19828877993554697	0.198290477339408	0.1982925412096717	0.39656749994849755	0.396571235524087	0.39657444522100627	0.3965774997146594	0.3965807271653576	0.3965844951006642	0.5948523743972344	0.5948573800315963	0.5948618306928745	0.5948661176493115	0.5948705882180838	0.5948756254977053	0.7931380790186942	0.7931439273792315	0.7931493357141429	0.7931546312811956	0.793160059353626	0.7931659344157773	0.9914243745615153	0.9914307136215288	0.9914369160855028	0.9914430793553962	0.9914492993729064	0.9914556605609045
0.0	0.202014070049837	0.40402567428844544	0.606035140529844	0.8080424589175212	1.010047279236412	0.0400898422389665	0.24210407170564732	0.44411595272616705	0.646125778824414	0.8481335874182947	1.0501391986177724	0.08017807823592334	0.28219197287200226	0.4842039127950142	0.6862140641858245	0.8882225015569224	1.0902292304641577	0.12026482767274194	0.3222781844873134	0.5242900440921101	0.7263004709264924	0.9283095468334529	1.130317393251641	0.1603502791449455	0.3623631029558936	0.5643748951133196	0.766385549203196	0.9683951244870393	1.1704038836179487	0.20043444232865856	0.40244706773201916	0.604458937682066	0.8064697896016076	1.0084796496298092	1.2104888285585367	0.0	0.0	0.0	0.0	0.0	0.0	0.19800345995094767	0.19800601334905985	0.1980081215438531	0.19801011970004914	0.1980122445334007	0.19801483264197994	0.3960076600298391	0.39601233454377877	0.396016347330042	0.3960201662303944	0.396024205945834	0.39602893028986297	0.5940129001775607	0.5940191640595283	0.5940247280627606	0.5940300873798641	0.594035682206141	0.5940419971259809	0.7920191809951106	0.7920264992889253	0.792033260025024	0.7920398796780007	0.7920466716438667	0.7920540357673569	0.9900262021230621	0.9900341342947229	0.9900418874272731	0.9900495910296997	0.9900573728046261	0.9900653452897433
0.0	0.20232203017127748	0.4046410159929213	0.6069573632464608	0.8092710576290593	1.01158166122365	0.043011327632129726	0.24533359681531886	0.4476529582642287	0.6499697820169086	0.8522841173723701	1.0545957446166012	0.08602068642350337	0.2883425764274865	0.4906620408556735	0.6929792952119248	0.8952944388608794	1.0976074850297433	0.12902822866537206	0.3313494798345165	0.5336688693206034	0.7359864881780183	0.9383024461032865	1.1406169007078437	0.17203418686217714	0.37435479614049894	0.5766741212206845	0.7789920407893002	0.9813086349519323	1.1836242354049153	0.2150385668557642	0.4173589408343576	0.6196783783370418	0.8219965598753948	1.024313521950634	1.2266296515479544	0.0	0.0	0.0	0.0	0.0	0.0	0.1977014296383427	0.19770457361352362	0.19770716727686674	0.19770962611327556	0.19771224393624526	0.19771543813096354	0.3954037732383167	0.3954095292297517	0.39541446614598974	0.3954191649684591	0.3954241413077073	0.39542997108761296	0.5931074004414436	0.593115113603766	0.5931219586490062	0.5931285521735765	0.5931354430421993	0.5931432343252462	0.7908123115548765	0.7908213229190496	0.790829639594152	0.7908377829233315	0.7908461467600307	0.7908552311821947	0.9885181354934094	0.9885279025578543	0.9885374396099346	0.9885469154529292	0.9885564966881857	0.9885663303257675
0.0	0.2026537471681072	0.4053037871098032	0.6079506149986473	0.8105942106289735	1.0132340338555046	0.04594575363542833	0.24859984280216577	0.4512503809616958	0.6538978279670258	0.8565422475753326	1.0591833751134292	0.09188912679980125	0.2945427955154843	0.4971934954909326	0.6998415018087658	0.9024869445151525	1.1051298475449136	0.13783031049015582	0.3404832316273381	0.5431338694949275	0.7457823491187063	0.9484288147856843	1.151073467969728	0.1837695874252669	0.38642174640559507	0.5890723285430847	0.791721198622514	0.9943684628881553	1.1970145345315941	0.22970695728826712	0.43235884141833775	0.6350095802275206	0.8376587907237882	1.0403065228172241	1.2429532519938384	0.0	0.0	0.0	0.0	0.0	0.0	0.1973770736035032	0.19738089093306585	0.19738403767246487	0.1973870216681179	0.19739020252606618	0.19739409057653542	0.3947552606128498	0.39476224972493673	0.3947682394436618	0.39477394114467995	0.3947799868959912	0.3947870818278595	0.5921350101117056	0.592144375792994	0.5921526801237114	0.5921606800632541	0.5921690503025506	0.5921785308219716	0.7895163218543259	0.7895272636791519	0.7895373525854734	0.7895472318830551	0.7895573894279552	0.7895684417523764	0.986898743693532	0.9869106028672093	0.9869221716745583	0.9869336663466045	0.9869453004598039	0.9869572626910775
0.0	0.20300976736837073	0.4060150743729816	0.6090165177401681	0.8120140695746557	1.0150070715494643	0.04889421782291998	0.2519044573984466	0.45491041231915835	0.6579126468963381	0.8609112422543633	1.063905883392259	0.09778559175191741	0.3007953746661201	0.5038015675514236	0.7068045166834748	0.9098043894961199	1.1128012242958552	0.1466743582899686	0.34968327790018133	0.5526894307070805	0.7556929843329419	0.9586941254602959	1.1616931082032347	0.1955608570968943	0.39856888293525045	0.6015749956646805	0.8045790479573466	1.007581178397653	1.21058189555864	0.2444450788470594	0.44745278795487153	0.6504591127624583	0.8534636001678714	1.05646631716265	1.2594678412359865	0.0	0.0	0.0	0.0	0.0	0.0	0.19703007617106846	0.1970346544588842	0.19703842579527606	0.1970420032855732	0.19704582167201115	0.19705049726691054	0.3940614927263997	0.3940698754519679	0.39407705407504806	0.39408388890364027	0.394091145195467	0.3940996756582827	0.591094788456943	0.5911060217613195	0.5911159738770847	0.5911255625775342	0.5911356069154546	0.591147003637876	0.7881299622082685	0.7881430857397688	0.7881551755680472	0.7881670155388596	0.7881792022931247	0.7881924864039708	0.9851664697089373	0.9851806932132124	0.9851945557839125	0.9852083302030487	0.985222286078411	0.985236661819854
0.0	0.20339068689059303	0.4067760640298547	0.6101568425741151	0.8135329847734344	1.0169036966580582	0.05185785821005976	0.2552491788052092	0.4586353842099083	0.6620171592351294	0.8653946056290214	1.0687673524705132	0.10371235457853516	0.30710318952831295	0.5104897290682942	0.7138724037339028	0.9172514259991065	1.1206268528967014	0.1555637786587891	0.3589536284685434	0.5623401610147106	0.7657235965251783	0.9691041730459923	1.1724822072881533	0.20741253420025665	0.41080134737767493	0.6141878639163315	0.8175719270702784	1.0209537149644108	1.2243338469738858	0.2592585994405627	0.4626470520601743	0.6660338488816645	0.8694184601503838	1.0728009743176063	1.2761820856465862	0.0	0.0	0.0	0.0	0.0	0.0	0.19666009514618912	0.19666552667305612	0.19666999793186207	0.19667424103481	0.1966787758530568	0.1966843385954703	0.393321787170568	0.39333173257794557	0.3933402434228161	0.3933483487659937	0.3933569649737683	0.3933671119779372	0.5899857153254789	0.5899990428554691	0.5900108412082542	0.590022210921662	0.5900341353343683	0.5900476892540262	0.7866518770742118	0.7866674469853545	0.7866817784485721	0.7866958159072244	0.7867102808290616	0.7867260767933356	0.9833196242237815	0.9833364988208826	0.9833529308993207	0.98336925994548	0.983385821672225	0.9834029131908912
0.0	0.20379715485510536	0.40758804825517875	0.6113735193572177	0.8151535179611886	1.0189270954001977	0.05483785744607336	0.2586358430844397	0.4624277794658121	0.6662144893957077	0.8699960988646173	1.0737721752239968	0.1096717778678189	0.31346925843701173	0.5172616480059468	0.7210494759849505	0.9248330085579463	1.1286123265937829	0.1645021121990231	0.36829848066711696	0.5720909093577797	0.7758796826165282	0.9796651000820374	1.1834475522920451	0.2193293358493283	0.4231245137502132	0.6269169604544429	0.8307065135159207	1.0344933988955283	1.2382783638305312	0.2741534105593389	0.4779481825630905	0.6817409922956773	0.8855312269521078	1.0893190016120426	1.2931051434305931	0.0	0.0	0.0	0.0	0.0	0.0	0.19626676041717445	0.19627314198003215	0.1962783921764989	0.1962833767161725	0.19628871123941435	0.19629526663970215	0.39253540576860857	0.39254709120666664	0.3925570845806119	0.3925666048019761	0.3925767384499391	0.39258869359932713	0.5888066869722515	0.588822346433615	0.5888361991067224	0.5888495517479918	0.5888635732998347	0.5888795393621352	0.7850805994940255	0.7850988934230996	0.7851157188585546	0.7851322024118409	0.7851492076978249	0.7851678116537855	0.9813563786768664	0.9813762051704676	0.9813954957762165	0.9814146679053672	0.9814341345010241	0.9814542612739217
0.0	0.20422987696547729	0.40845243230448847	0.612668647412344	0.8168784565566723	1.021080735634269	0.05783544733934936	0.26206639225344797	0.4662902435344435	0.670507980985745	0.8747197588340153	1.0789250766882172	0.11566632254179075	0.319896755015357	0.5241212044182754	0.728340315297127	0.9325544173056884	1.1367636210801393	0.17349304707880048	0.377722236455702	0.5819467862112293	0.7861670579460088	0.9903834244830918	1.1945963627877672	0.23131617601267723	0.4355440100453209	0.6397686234087608	0.8439898528207477	1.0482079815691983	1.2524239035623352	0.28913564983769996	0.49336303160674555	0.6975881071279733	0.901810174379338	1.1060293811173865	1.3102467049369548	0.0	0.0	0.0	0.0	0.0	0.0	0.19584967240969978	0.1958571051492045	0.1958632168677308	0.19586902229468658	0.19587524412409804	0.19588290358976929	0.3917015514919382	0.39171516227342307	0.39172679523527715	0.3917378815062415	0.3917496981635938	0.39176366361003073	0.5875565114412632	0.587574751218482	0.5875908755871359	0.5876064224789077	0.5876227691527265	0.5876414161657418	0.7834145449432122	0.7834358529978288	0.783455435946337	0.7834746256597362	0.7834944465128846	0.7835161705428696	0.9792747575772237	0.9792978502759931	0.9793203012161689	0.9793426180548619	0.9793653031719528	0.9793888017275545
0.0	0.2046896195010339	0.40937074248891187	0.6140445074717165	0.8187108295545903	1.0233683866763084	0.060851913759195575	0.2655428831657469	0.4702255973325428	0.674901213627423	0.879569918894244	1.084231138782913	0.1216985576537352	0.3263890219391489	0.5310725081765398	0.7357497940561862	0.9404212836259425	1.1450871241103808	0.18254043371941778	0.38722952106385145	0.5919131861852828	0.7965918828287664	1.0012660700610505	1.2059363253482838	0.24337818508448836	0.4480657417518622	0.6527495293541358	0.8574293899101028	1.0621056748259887	1.2667794453529388	0.3042117254986885	0.5088987830415678	0.7135831502572396	0.9182640300608494	1.1229416099084923	1.3276170369005686	0.0	0.0	0.0	0.0	0.0	0.0	0.1954084003784808	0.19541698959446496	0.19542404886161457	0.19543075816998404	0.19543795919056905	0.19544684001261303	0.39081936505195203	0.3908350941141889	0.3908485302228124	0.3908613403458559	0.3908750135165068	0.39089120190568394	0.5862339034612923	0.5862549821624551	0.5862736045351095	0.5862915661399096	0.5863104766565921	0.5863320871889912	0.7816520045313826	0.7816766287566073	0.7816992435176398	0.7817214105647662	0.7817443349480404	0.7817695069339042	0.9770726300087806	0.9770993161512532	0.9771252415049372	0.9771510174238883	0.9771772490384528	0.977204472778394
0.0	0.20517721376763765	0.4103446350655824	0.615503574991903	0.8206539252451384	1.0257941413973564	0.06388860196238652	0.26906749727396534	0.47423685143833655	0.679398021571793	0.8845512319140718	1.0896958277425544	0.12777117103559077	0.3329495860076049	0.5381199184598082	0.743283099081645	0.9484396184794752	1.1535896682472744	0.19164830075794642	0.3968252033662113	0.6019958128122398	0.8071606917569996	1.0123204001462889	1.21747563159819	0.255520731155836	0.46069591753164596	0.6658667233930323	0.8710330036021203	1.0761951898839486	1.2813545334867524	0.3193883429244639	0.5245629833985676	0.729734506695459	0.9349020152369961	1.1400657442748494	1.3452270310914496	0.0	0.0	0.0	0.0	0.0	0.0	0.19494248052028412	0.19495233547463028	0.19496043162553842	0.19496813126653326	0.19497640760033924	0.19498663293545945	0.38988792113487175	0.38990596867694394	0.38992137772585106	0.38993607594922297	0.3899517869544044	0.3899704213620737	0.5848374788064533	0.5848616647763054	0.5848830200157472	0.584903625654529	0.5849253492807674	0.5849502195446561	0.7797911374893828	0.7798193912985341	0.7798453224601332	0.779870748754027	0.7798970771279421	0.7799260405872861	0.9747477002434167	0.9747783193825887	0.9748080449559465	0.974837606621324	0.9748677267017639	0.9748990457007592
0.0	0.20569356106070888	0.41137590615142494	0.6170485350019689	0.8227113109747836	1.028362440867867	0.06694692239953061	0.27264255138372834	0.4783272217854234	0.6840025143247033	0.8896686958224059	1.095325024576014	0.13388698090558024	0.3395821746844748	0.5452680652257564	0.7509457580256192	0.9566158437310797	1.162278567118591	0.20082087245106367	0.4065144182083389	0.6122007057932212	0.8178804255706841	1.023554254689044	1.2292230202563152	0.26774944320833616	0.4734410773269875	0.6791276521782164	0.8848090445516381	1.0904857802142736	1.2961593251718553	0.3346725336291569	0.5403635757735755	0.7460510283861599	0.9517338884789583	1.1574124483727681	1.3630882579165766	0.0	0.0	0.0	0.0	0.0	0.0	0.19445141389019285	0.1944626475966621	0.19447187313454584	0.19448065292610403	0.19449010488245513	0.19450180373063364	0.38890622424345356	0.38892679733897684	0.38894435507649594	0.3889611118997949	0.38897904975280007	0.3890003636101497	0.5833657480673329	0.5833933188672838	0.5834176499906288	0.5834411375468485	0.5834659338900193	0.5834943736071199	0.7778299628707002	0.7778621704373804	0.7778917123797225	0.7779206901848803	0.7779507352279008	0.7779838491292341	0.9722974973719387	0.9723324007180113	0.972366263468772	0.9723999493698824	0.9724343135246148	0.9724701143065795
0.0	0.20623963820295105	0.4124665027850491	0.6186822986715824	0.8248868551968708	1.031078101859215	0.07002835706438086	0.27627050952402343	0.48250014704598304	0.6887190995341391	0.8949276819892928	1.1011250589289447	0.14004894856225364	0.3462907342979842	0.5525218729124842	0.7587436685747383	0.9649568268514959	1.1711616556209565	0.21006258770897196	0.41630259093406424	0.622534271018062	0.8287584669733936	1.0349759912783147	1.2411878236688771	0.28007023648131424	0.4863081232125542	0.6925402002509783	0.8987663770815646	1.1049872888771255	1.311204643396675	0.3500716869483058	0.5563089369986531	0.7625420768611604	0.9687699938386031	1.1749930478811752	1.3812130255992607	0.0	0.0	0.0	0.0	0.0	0.0	0.19393466410024773	0.19394739310080908	0.193957843549294	0.19396779658159316	0.19397852860397763	0.19399183578077678	0.3878732041037813	0.3878965162884097	0.38791640412277073	0.3879353960928193	0.38795575736510834	0.38797999437215613	0.5818171097700334	0.5818483516239366	0.5818759093806332	0.5819025249890027	0.5819306637780793	0.5819629960276398	0.7757663503835782	0.7758028459935322	0.775836302365032	0.7758691338890946	0.7759032201994815	0.7759408587543981	0.9697193638485045	0.9697589135682395	0.9697972609982325	0.9698354209503202	0.9698743980527178	0.9699150833410328
0.0	0.20681650372849164	0.41361853527994763	0.6204080218135133	0.8271847520974471	1.033946347558263	0.07313446645733507	0.2799539960769373	0.48675930791765243	0.6935525084246141	0.900333966796272	1.1071027467765189	0.1462601923077216	0.35307945011391717	0.5598865866570693	0.7666831308121679	0.9734699194226386	1.1802473345701097	0.2193781209740038	0.42619546440042183	0.6330033137157396	0.8398026798219183	1.0465945305782745	1.253380019404497	0.29248934029926327	0.49930435334961787	0.7061127301243414	0.9129144254024769	1.1197102008897308	1.3265020354639814	0.3655935848031419	0.5724079185302712	0.7792175702567454	0.9860213140012616	1.1928195893047264	1.3996144456512105	0.0	0.0	0.0	0.0	0.0	0.0	0.19339165477699685	0.19340599890421084	0.19341777265218774	0.19342899518874737	0.19344111579798057	0.1934561719009611	0.38678771059019595	0.38681398142300877	0.3868363861117565	0.3868577956081907	0.38688078428608585	0.38690819831187795	0.5801898427726779	0.5802250499772197	0.5802560924041905	0.5802860901232567	0.5803178509746453	0.5803544120213971	0.7735980102599029	0.7736391376213252	0.7736768207861979	0.7737138177502231	0.7737522815279815	0.7737948339583686	0.9670104428310599	0.9670550113022368	0.967098200816713	0.9671411954376106	0.9671851672267012	0.9672311556664903
0.0	0.20742530479642357	0.4148342910347119	0.6222291255686871	0.8296095491265852	1.036972841906956	0.07626689724477465	0.2836958103313224	0.4911086485613325	0.6985078241083883	0.905893766808164	1.1132654324406928	0.15252400276339742	0.35995276852795877	0.5673678013596305	0.7747708831510464	0.9821629999398749	1.1895446203736701	0.2287724051888128	0.43619912880773953	0.6436150751455152	0.8510214526824051	1.0584194067574542	1.2658102875688746	0.30501332868600917	0.5124374994517236	0.7198541266028282	0.9272632247945873	1.134665701283489	1.342063837941589	0.3812464399481749	0.5886698915452788	0.796088035262888	1.0034995290976478	1.2109049056631163	1.418306505458892	0.0	0.0	0.0	0.0	0.0	0.0	0.19282176675107565	0.1928378488760903	0.19285104701481326	0.1928636383888973	0.192877260122162	0.19289421149076497	0.3856485081145814	0.3856779627125139	0.3857030760356493	0.385727091045629	0.3857529183767888	0.38578377334513875	0.5784820978586892	0.5785215721572432	0.5785563641103031	0.5785900055779892	0.5786256777451408	0.5786668168455554	0.7713224820532543	0.7713685935641884	0.771410824020406	0.77145230720665	0.7714954959141894	0.7715433661923998	0.9641676641832646	0.9642176332027547	0.9642660314352413	0.9643142315946118	0.9643635922499787	0.9644153181001829
0.0	0.20806728492995646	0.41611624999239194	0.6241493195615259	0.8321661778181537	1.0401637280446072	0.07942739070894242	0.2874989426512232	0.4955524004766459	0.7035905131559056	0.9116137780241289	1.1196210355050054	0.15884385976782966	0.3669154216628831	0.5749714939743227	0.7830141423164634	0.9910445214840727	1.1990632003946435	0.2382506571390067	0.44632005472561975	0.6543772733053034	0.8624237472252545	1.070460823578625	1.2784900746027714	0.31764915414549555	0.5257157682374676	0.7337738459102218	0.941823478419259	1.1498657396130514	1.3579032488885834	0.39703893817631053	0.6051047968146521	0.8131646646712781	1.021217081936486	1.229262689424007	1.4373041489375342	0.0	0.0	0.0	0.0	0.0	0.0	0.19222433494801563	0.19224228071373256	0.1922570068658634	0.19227106937188101	0.1922863087172233	0.19230530738542076	0.38445426941838007	0.38448713796286227	0.3845151563791072	0.384541970260535	0.3845708545893604	0.38460542434878303	0.5766918884343759	0.5767359383531798	0.5767747510138691	0.5768123050851025	0.5768521871907083	0.5768982663757006	0.7689371222428085	0.7689885782142903	0.7690356839808683	0.7690819827569909	0.769130254757068	0.76918386131688	0.9611877289837408	0.96124348892772	0.9612974710291655	0.9613512572690746	0.9614064129583625	0.9614643257512874
0.0	0.20874379269259372	0.4174671019714916	0.6261726278587757	0.8348599883415119	1.0435256714060583	0.0826177920962418	0.2913665924782767	0.5000951091453153	0.7088064608665228	0.9175012197595962	1.1261781032887495	0.16522345107263292	0.3739724546977961	0.5827040594654715	0.79142064792503	1.0001235649231872	1.2088134947760427	0.24781840549409534	0.4565651297497473	0.6652981482031388	0.8740191521155093	1.0827297169169647	1.2914316644417598	0.33040418504132685	0.5391478874134709	0.7478819702793094	0.9566066205249635	1.165323101793199	1.3740344083439304	0.4129802850222423	0.6217232000066886	0.830459381284772	1.0391872505314346	1.2479075736641947	1.456623366348512	0.0	0.0	0.0	0.0	0.0	0.0	0.19159864494528103	0.19161858248424765	0.19163494262454212	0.19165058140412664	0.1916675587299518	0.19168876237092125	0.3832035686973055	0.3832400859122725	0.3832712101978442	0.3833010214304548	0.38333318802152216	0.3833717561979301	0.5748170802257428	0.5748660203712616	0.5749091307282239	0.5749508730937426	0.5749952728432532	0.5750466666753669	0.7664390905029467	0.7664962583365467	0.7665485743090998	0.766600026127682	0.7666537502971248	0.7667135257131824	0.9580670923674274	0.9581290413022587	0.95818899019323	0.9582487521187673	0.9583101205161334	0.958374684682012
0.0	0.20945629143128605	0.4188897661281163	0.6283034181204898	0.8376967883024357	1.0470659081209983	0.08584006098981796	0.29530218842380795	0.5047416638277238	0.7141620107540413	0.9235638838025246	1.1329458696525683	0.17166669308831228	0.3811292563109399	0.5905723509398333	0.7999987123023272	1.0094098984128255	1.2188067256251118	0.25748152192473045	0.4669416992970548	0.6763865123286794	0.8858179431650073	1.0952378246020829	1.3046482580626482	0.34328624707890176	0.5527431568208078	0.7621892687662452	0.9716248869396881	1.1810514902849492	1.3904724882284174	0.4290802575934347	0.6385363531783662	0.8479849090764013	1.0574242289399045	1.266855222606135	1.4762812945568455	0.0	0.0	0.0	0.0	0.0	0.0	0.19094392915513522	0.19096598879170887	0.1909840910590229	0.19100141398144035	0.19102025346051393	0.1910438253225275	0.38189487397791916	0.381935278578343	0.38196971344759806	0.3820027253712359	0.3820384062197859	0.3820812660504008	0.5728553798532346	0.5729095301695528	0.5729572204735637	0.5730034332589486	0.5730526671340752	0.5731097624370326	0.7638253344768048	0.7638885877952072	0.7639464550686869	0.7640034049409042	0.7640629602585296	0.7641293508917882	0.9548019444967965	0.95487048723909	0.9549367928237572	0.955002928462384	0.9550709382361466	0.9551426326900886
0.0	0.21020637023793728	0.42038741285157355	0.6305464343959083	0.840682886395879	1.0507922994661438	0.08909628285147457	0.29930941074695244	0.5094973309598917	0.7196640088448448	0.929810189592004	1.139934321033308	0.17817775397041896	0.3883915926776082	0.5985837245473674	0.8087572762812517	1.0189140440892732	1.2290549946009706	0.2672462557325616	0.47745761212650745	0.687651807062772	0.8978311506349947	1.1079977646232464	1.3181540626066	0.3563036694726494	0.5665115054781956	0.7767072651735643	0.9868913938845516	1.1970656138164184	1.407233792996357	0.44534926225704985	0.6555562633339861	0.8657548526278532	1.0759432175945147	1.2861224328614729	1.4962963292114815	0.0	0.0	0.0	0.0	0.0	0.0	0.19025936258717127	0.19028367652348363	0.19030363102375303	0.19032274856025833	0.19034357808766472	0.19036968692030726	0.3805265386536966	0.38057107276376	0.38060902647103206	0.3806454470103811	0.3806848806388023	0.38073233478559376	0.5708043221457979	0.5708640071308521	0.5709165643225594	0.5709675356664727	0.5710219285972152	0.5710851241555363	0.7610925728688884	0.7611622905981057	0.7612260557555888	0.7612888556978163	0.7613546308048297	0.7614280964113287	0.9513881894317752	0.9514637365560945	0.9515367948966987	0.9516097100249323	0.9516848002925492	0.951764117981036
0.0	0.21099575630676493	0.42196348844791287	0.6329068340951449	0.8438251416172249	1.0547133932517856	0.09238868190239571	0.30339221656566834	0.514367791674694	0.7253198534890343	0.936249246295747	1.1471542707603652	0.1847610793852228	0.3957656455395671	0.606746089843805	0.817705971851184	1.0286473530013587	1.2395713701283517	0.2771192725010174	0.488121271270822	0.6991041658872005	0.9100706347280155	1.1210231229132777	1.3319643914711303	0.369465336475615	0.5804635553760369	0.7914483141127036	1.0024202263162465	1.213381288022884	1.4243358725984516	0.4617983990294784	0.6727957690745722	0.8837837860477331	1.0947605245043794	1.3057272469357433	1.516688250579611	0.0	0.0	0.0	0.0	0.0	0.0	0.18954405813702696	0.18957076012225071	0.189592678722065	0.18961370381377782	0.18963665491822432	0.1896654748879598	0.37909679207356894	0.37914570061355884	0.37918738453546147	0.37922742591041547	0.37927085714954933	0.3793232174903458	0.568661256033676	0.5687268039130802	0.5687845190224604	0.568840542632981	0.5689004276465875	0.5689701338727593	0.7582372766425661	0.758313842044326	0.7583838564106616	0.7584528648626897	0.7585252575937035	0.7586062708937378	0.9478214216305724	0.9479043884231896	0.9479846008736191	0.9480647083095675	0.9481473280579177	0.948234775461748
0.0	0.21182632889557004	0.4236217430269118	0.6353902297589921	0.8471310188603487	1.0588384931760062	0.09571963554071322	0.3075548682066096	0.5193591840607125	0.7311375515049247	0.9428909228133268	1.1546174428863483	0.19142142135121462	0.40325805495001066	0.6150679664263821	0.826855192676411	1.0386220895064198	1.2503699856693677	0.28710769736265923	0.49894169118225623	0.710754485404998	0.9225491704865785	1.1343285521357136	1.3460957770026998	0.3827807450665006	0.5946106930237177	0.806425686415642	1.0182265372151176	1.2300155486301176	1.4417976495873295	0.47843953366182734	0.6902686265386484	0.9020873527775242	1.1138936789414882	1.3256890808169475	1.5374783650653283	0.0	0.0	0.0	0.0	0.0	0.0	0.1887970613398459	0.1888262863222238	0.1888502824325672	0.18887333035137946	0.18889853809915236	0.1889302486931396	0.37760372906000017	0.37765725910092723	0.3777028872983152	0.37774676571907695	0.37779444547302843	0.37785203286823116	0.5664233288354468	0.5664950706925748	0.5665582382090077	0.5666196128968302	0.5666853307419103	0.5667619693083125	0.7552556480763646	0.7553394477291028	0.755416066588117	0.7554916478015182	0.7555710646841207	0.7556601108885698	0.944096899773721	0.9441877051307107	0.9442754774276969	0.9443631962878113	0.944453803756544	0.9445499003468031
