1.0	1.000000197040245	0.9999999999999996	0.9999999999999994	0.9999999999999997	1.0	1.970402066283444e-5	0.0
2.0	1.000000788162145	1.000000591193225	1.000000591192385	1.0000005911940641	1.0000000001454428	1.9696876481983216e-5	3.94080219234816e-5
3.0	1.0000017733691942	1.0000015765200303	1.0000015765163661	1.0000015765236838	1.0000000003927108	1.968488147725797e-5	3.9407860058886045e-5
4.0	1.0000031526672164	1.0000029559850776	1.0000029559754509	1.0000029559946628	1.000000000741492	1.966815187263785e-5	3.940732946791558e-5
5.0	1.000004926064365	1.0000047295954346	1.0000047295755479	1.0000047296152073	1.0000000011914756	1.9646796264405294e-5	3.9406169106136234e-5
6.0	1.0000070935711238	1.0000068973605014	1.0000068973248966	1.0000068973958516	1.0000000017423496	1.9620923059212726e-5	3.9404104109532245e-5
7.0	1.0000096552003057	1.0000094592920061	1.000009459234062	1.0000094593494537	1.0000000023938032	1.9590640806721434e-5	3.940085988432062e-5
8.0	1.0000126109670544	1.0000124154040124	1.0000124153159438	1.0000124154912022	1.0000000031455254	1.9556057577456e-5	3.9396163218243846e-5
9.0	1.0000159608888441	1.0000157657129092	1.000015765585764	1.000015765838607	1.0000000039972061	1.9517281983774424e-5	3.9389740971584835e-5
10.0	1.0000197049854798	1.0000195102374205	1.0000195100610787	1.0000195104115086	1.0000000049485354	1.9474422180252116e-5	3.938132181016389e-5
11.0	1.0000238432790973	1.0000236489986014	1.000023648761772	1.0000236492320733	1.0000000059992025	1.942758637395495e-5	3.937063467430371e-5
12.0	1.0000283757941646	1.0000281820198387	1.0000281817100585	1.0000281823247954	1.0000000071488988	1.9376882757401654e-5	3.9357409401604065e-5
13.0	1.0000333025574812	1.0000331093268504	1.0000331089304824	1.0000331097164956	1.0000000083973146	1.932241959695399e-5	3.934137677239842e-5
14.0	1.0000386235981793	1.0000384309476904	1.0000384304499208	1.0000384314363266	1.0000000097441406	1.9264304832725035e-5	3.932226864401883e-5
15.0	1.0000443389477238	1.0000441469127437	1.0000441462975815	1.0000441475157673	1.0000000111890681	1.9202646588843313e-5	3.929981710809243e-5
16.0	1.0000504486399138	1.0000502572547296	1.000050256505003	1.0000502579886261	1.0000000127317885	1.913755295098999e-5	3.927375540193596e-5
17.0	1.0000569527108818	1.0000567620087022	1.0000567611060576	1.000056762891043	1.0000000143719934	1.9069131921569277e-5	3.924381782076503e-5
18.0	1.0000638511990954	1.0000636612120517	1.0000636601369515	1.0000636622614891	1.0000000161093743	1.8997491352677944e-5	3.920973916363304e-5
19.0	1.0000711441453578	1.000070954904502	1.0000709536362231	1.0000709561407646	1.000000017943624	1.8922739345338732e-5	3.91712548898848e-5
20.0	1.000078831592808	1.0000786431281163	1.000078641644748	1.0000786445720053	1.0000000198744339	1.8844983582986255e-5	3.912810171965833e-5
21.0	1.0000869135869226	1.000086725927293	1.0000867242057339	1.0000867276006773	1.000000021901497	1.876433208594567e-5	3.908001654694888e-5
22.0	1.0000953901755154	1.000095203348768	1.0000952013647255	1.0000952052745808	1.000000024024506	1.8680892766949e-5	3.902673763958009e-5
23.0	1.000104261408739	1.00010407544162	1.000104073169608	1.0001040776438535	1.0000000262431537	1.859477318649241e-5	3.8968003840901864e-5
24.0	1.0001135273390855	1.0001133422572617	1.0001133396705983	1.0001133447609636	1.000000028557133	1.8506081440506657e-5	3.890355437098123e-5
25.0	1.0001231880213877	1.0001230038494513	1.0001230009202573	1.0001230066807205	1.0000000309661374	1.8414925138629763e-5	3.8833130048725965e-5
26.0	1.0001332435128192	1.0001330602742864	1.000133056973483	1.0001330634602685	1.0000000334698602	1.8321412069852317e-5	3.8756471605508456e-5
27.0	1.0001436938728967	1.0001435115902089	1.0001435078875154	1.0001435151590925	1.0000000360679953	1.8225649869066684e-5	3.867332099608627e-5
28.0	1.0001545391634798	1.000154357858002	1.000154353721935	1.0001543618390136	1.0000000387602364	1.812774632746674e-5	3.8583420600320055e-5
29.0	1.0001657794487733	1.0001655991407963	1.0001655945386667	1.0001656035641968	1.000000041546277	1.8027809059104822e-5	3.8486513934607284e-5
30.0	1.000177414795327	1.0001772355040652	1.000177230401977	1.0001772404011462	1.0000000444258117	1.7925945855687205e-5	3.838234489801397e-5
31.0	1.0001894452720386	1.0001892670156318	1.0001892613784789	1.000189272418711	1.0000000473985344	1.7822264330936794e-5	3.827065843928675e-5
32.0	1.000201870950153	1.0002016937456668	1.0002016875371325	1.0002016996880838	1.00000005046414	1.7716872097780653e-5	3.8151199936199935e-5
33.0	1.0002146919032648	1.0002145157666906	1.0002145089492447	1.0002145222828027	1.000000053622323	1.760987672352799e-5	3.802371552954265e-5
34.0	1.0002279082073193	1.0002277331535727	1.00022772568847	1.000227740278752	1.0000000568727774	1.7501385951444355e-5	3.788795212408274e-5
35.0	1.0002415199406143	1.0002413459835375	1.0002413378308155	1.0002413537541648	1.0000000602151988	1.7391507278534073e-5	3.774365747832451e-5
36.0	1.0002555271838005	1.0002553543361608	1.0002553454546381	1.000255362789624	1.0000000636492816	1.728034837691096e-5	3.759057971707832e-5
37.0	1.0002699300198834	1.0002697582933746	1.0002697486406487	1.0002697674680623	1.0000000671747211	1.716801671598909e-5	3.742846784301272e-5
38.0	1.0002847285342256	1.0002845579394652	1.0002845474719109	1.0002845678747647	1.0000000707912127	1.705462009482964e-5	3.7257071537809584e-5
39.0	1.0002999228145468	1.000299753361079	1.0002997420338453	1.0002997640973705	1.000000074498451	1.694026602015461e-5	3.7076141318502814e-5
40.0	1.0003155129509267	1.0003153446472215	1.0003153324142318	1.0003153562258766	1.000000078296132	1.682506199451226e-5	3.688542818324986e-5
41.0	1.0003314990358056	1.0003313318892588	1.0003313187032064	1.0003313443526338	1.0000000821839505	1.670911562683971e-5	3.668468361229159e-5
42.0	1.000347881163987	1.0003477151809195	1.0003477009932673	1.0003477285723528	1.0000000861616032	1.6592534521047154e-5	3.647366012383776e-5
43.0	1.0003646594326385	1.0003644946182975	1.0003644793792754	1.000364508982106	1.0000000902287844	1.6475426186808833e-5	3.625211076445196e-5
44.0	1.0003818339412938	1.0003816702998516	1.0003816539584554	1.000381685681327	1.000000094385191	1.635789821671487e-5	3.601978895462449e-5
45.0	1.0003994047918543	1.0003992423264088	1.0003992248303966	1.000399258771812	1.0000000986305178	1.6240058197057657e-5	3.577644906682665e-5
46.0	1.0004173720885918	1.0004172108011646	1.0004171920970568	1.0004172283577242	1.000000102964461	1.612201384057914e-5	3.5521846160069734e-5
47.0	1.0004357359381493	1.000435575829688	1.0004355558627633	1.0004355945455943	1.0000001073867166	1.60038726753075e-5	3.525573586985441e-5
48.0	1.000454496449543	1.0004543375199213	1.0004543162342168	1.0004543574443236	1.0000001118969806	1.588574215512101e-5	3.4977874298128945e-5
49.0	1.0004736537341645	1.0004734959821793	1.0004734733204872	1.0004735171651826	1.0000001164949488	1.5767730081015276e-5	3.468801803642361e-5
50.0	1.0004932079057836	1.0004930513291574	1.000493027233023	1.000493073821817	1.0000001211803173	1.5649943934839105e-5	3.4385924832605345e-5
51.0	1.0005131590805487	1.0005130036759273	1.0005129780856477	1.0005130275302463	1.000000125952782	1.553249150030596e-5	3.4071352548651025e-5
52.0	1.0005335073769903	1.0005333531399434	1.0005333259945652	1.0005333784088688	1.0000001308120394	1.5415480418685466e-5	3.3744059982758256e-5
53.0	1.000554252916022	1.0005540998410454	1.000554071078363	1.0005541265784639	1.0000001357577852	1.529901814400704e-5	3.340380644856892e-5
54.0	1.0005753958209438	1.0005752439014552	1.0005752134580082	1.0005752721621894	1.0000001407897159	1.5183212497445421e-5	3.30503513544406e-5
55.0	1.0005969362174432	1.0005967854457831	1.000596753256855	1.0005968152855886	1.0000001459075278	1.5068171267413273e-5	3.268345549153008e-5
56.0	1.0006188742335982	1.0006187246010314	1.0006186906006473	1.0006187560765925	1.000000151110916	1.4954002031611137e-5	3.230287992505902e-5
57.0	1.0006412099998792	1.0006410614965933	1.0006410256175184	1.0006410946655186	1.0000001563995777	1.4840812511666737e-5	3.190838603963665e-5
58.0	1.0006639436491516	1.0006637962642566	1.000663758437994	1.0006638311850768	1.000000161773209	1.4728710461742553e-5	3.149973600619027e-5
59.0	1.000687075316678	1.0006869290382048	1.0006868891949932	1.000686965770368	1.0000001672315055	1.4617803801239059e-5	3.107669253875983e-5
60.0	1.000710605140121	1.0007104599550227	1.0007104180238349	1.0007104985588913	1.0000001727741639	1.45082002149501e-5	3.063901916167482e-5
61.0	1.0007345332595448	1.0007343891536966	1.0007343450622372	1.000734429690543	1.0000001784008798	1.4400007529859954e-5	3.018647958914333e-5
62.0	1.0007588598174186	1.000758716775616	1.0007586704503197	1.0007587593076195	1.0000001841113497	1.4293333625946448e-5	2.9718838059017764e-5
63.0	1.0007835849586189	1.000783442964578	1.000783394330608	1.0007834875548212	1.000000189905269	1.418828634699608e-5	2.923585968869954e-5
64.0	1.0008087088304316	1.0008085678667884	1.0008085168480334	1.0008086145792536	1.0000001957823343	1.4084973677670096e-5	2.8737309921318748e-5
65.0	1.0008342315825556	1.000834091630865	1.000834038149938	1.0008341405304302	1.0000002017422411	1.3983503587754054e-5	2.8222954726335118e-5
66.0	1.0008601533671044	1.000860014407842	1.0008599583860793	1.000860065560278	1.0000002077846857	1.3883983898615736e-5	2.7692560933223192e-5
67.0	1.0008864743386097	1.0008863363511682	1.0008862777086258	1.0008863898231348	1.0000002139093638	1.3786522748673282e-5	2.7145895233980895e-5
68.0	1.000913194654024	1.0009130576167153	1.000912996272167	1.0009131134757574	1.0000002201159708	1.369122810486854e-5	2.6582725448641172e-5
69.0	1.000940314472723	1.0009401783627758	1.0009401142337122	1.0009402366773201	1.0000002264042025	1.3598208117194413e-5	2.6002819616530654e-5
70.0	1.0009678339565085	1.0009676987500693	1.0009676317526959	1.0009677595894213	1.000000232773755	1.3507570829857534e-5	2.5405946418687104e-5
71.0	1.000995753269612	1.000995618941743	1.0009955489909776	1.0009956823760826	1.000000239224323	1.3419424469229484e-5	2.4791874912534254e-5
72.0	1.0010240725786974	1.0010239391033775	1.001023866112849	1.001024005203756	1.000000245755603	1.3333877132842183e-5	2.4160374821158034e-5
73.0	1.0010527920528631	1.0010526594029863	1.0010525832850319	1.001052728241323	1.0000002523672893	1.3251037099506329e-5	2.3511216134898538e-5
74.0	1.0010819118636463	1.0010817800110208	1.001081700676685	1.0010818516600997	1.0000002590590773	1.3171012673586303e-5	2.284416948934702e-5
75.0	1.001111432185025	1.001111301100373	1.001111218459405	1.0011113756338388	1.0000002658306628	1.3093912206739536e-5	2.2159006010945416e-5
76.0	1.0011413531934223	1.0011412228463803	1.0011411368072327	1.0011413003387353	1.0000002726817399	1.3019843964397325e-5	2.1455497428768573e-5
77.0	1.0011716750677089	1.0011715454268242	1.0011714558966502	1.0011716259534247	1.0000002796120042	1.2948916546731022e-5	2.0733415543089518e-5
78.0	1.0012023979892057	1.0012022690219398	1.0012021759065919	1.0012023526589935	1.0000002866211501	1.2881238222828807e-5	1.9992533224354307e-5
79.0	1.0012335221416886	1.0012333938144131	1.0012332970184414	1.0012334806389749	1.0000002937088723	1.2816917595620439e-5	1.923262310548283e-5
80.0	1.0012650477113902	1.001264919989388	1.0012648194160376	1.0012650100793565	1.000000300874865	1.2756063202210329e-5	1.845345878042206e-5
81.0	1.0012969748870049	1.001296847734467	1.001296743285677	1.0012969411685817	1.000000308118823	1.2698783779555555e-5	1.7654814117480872e-5
82.0	1.0013293038596902	1.0013291772397197	1.0013290688161205	1.0013292740975572	1.0000003154404404	1.2645187753967831e-5	1.683646370375285e-5
83.0	1.0013620348230723	1.0013619086976782	1.00136179619859	1.0013620090596493	1.0000003228394108	1.2595384061169378e-5	1.599818191460374e-5
84.0	1.001395167973248	1.0013950423033466	1.0013949256267773	1.001395146250693	1.0000003303154288	1.2549481502734656e-5	1.5139744333810525e-5
85.0	1.0014287035087892	1.001428578254205	1.0014284572968484	1.0014286858689951	1.0000003378681872	1.2507588790014048e-5	1.4260926689986148e-5
86.0	1.001462641630746	1.0014625167502083	1.0014623914074425	1.0014626281153347	1.00000034549738	1.2469814898457245e-5	1.336150483533328e-5
87.0	1.0014969825426503	1.0014968579937933	1.0014967281596785	1.0014969731929706	1.0000003532027006	1.2436268823239428e-5	1.2441255589112552e-5
88.0	1.0015317264505204	1.0015316021898837	1.0015314677571603	1.0015317213076425	1.000000360983842	1.2407059445788607e-5	1.1499955785064922e-5
89.0	1.001566873562863	1.001566749545888	1.001566610405975	1.0015668726675737	1.0000003688404968	1.2382295998922893e-5	1.05373826935995e-5
90.0	1.001602424090679	1.0016023002717098	1.0016021563147028	1.0016024274834792	1.0000003767723586	1.2362087600793432e-5	9.553314333045493e-6
91.0	1.0016383782474654	1.0016382545797478	1.001638105694417	1.0016383859685651	1.000000384779119	1.2346543453969214e-5	8.54752880540353e-6
92.0	1.001674736249221	1.0016746126849005	1.0016744587586888	1.0016747483385342	1.000000392860471	1.2335772889307223e-5	7.519804696308255e-6
93.0	1.0017114983144493	1.001711374804572	1.0017112157235935	1.001711514811592	1.0000004010161063	1.2329885143813498e-5	6.469921186729639e-6
94.0	1.0017486646641618	1.0017485411586708	1.0017483768077087	1.0017486856084457	1.000000409245717	1.2328989825688925e-5	5.397657388820134e-6
95.0	1.0017862355218836	1.0017861119696208	1.0017859422321251	1.001786260952314	1.0000004175489945	1.2333196293191717e-5	4.302793477329905e-6
96.0	1.0018242111136568	1.00182408746236	1.0018239122204464	1.0018242410689266	1.0000004259256303	1.234261414183966e-5	3.1851093604688343e-6
97.0	1.0018625916680441	1.0018624678643455	1.001862286998794	1.0018626261865298	1.0000004343753157	1.2357353159584913e-5	2.044385656125616e-6
98.0	1.0019013774161334	1.001901253405561	1.0019010667958124	1.0019014165358915	1.0000004428977414	1.2377522905237614e-5	8.804034488908427e-7
99.0	1.0019405685915423	1.0019404443185167	1.0019402518426723	1.0019406123503052	1.0000004514925982	1.2403233239929098e-5	3.0705599719052194e-7
100.0	1.0019801654304221	1.001980040838256	1.0019798423730752	1.0019802138655935	1.0000004601595762	1.2434594060668935e-5	1.518211038248109e-6
101.0	1.0020201681714618	1.0020200432023596	1.0020198386232582	1.002020221320113	1.0000004688983661	1.2471715255560185e-5	2.7532796497070274e-6
102.0	1.0020605770558928	1.0020604516509475	1.002060240831995	1.002060634954757	1.0000004777086569	1.2514707013565324e-5	4.012479403249622e-6
103.0	1.0021013923274933	1.002101266426688	1.002101049240607	1.0021014550129632	1.0000004865901388	1.2563679314353565e-5	5.296027399465554e-6
104.0	1.002142614232593	1.0021424877747969	1.0021422640929616	1.002142681740715	1.0000004955425008	1.2618742526120807e-5	6.604140643676815e-6
105.0	1.0021842430200771	1.0021841159430476	1.0021838856354803	1.002184315386549	1.0000005045654319	1.268000674036535e-5	7.937035557548276e-6
106.0	1.0022262789413907	1.0022261511817685	1.0022259141171392	1.0022263562015548	1.0000005136586207	1.274758254691175e-5	9.294928620778024e-6
107.0	1.0022687222505444	1.0022685937438545	1.002268349789479	1.0022688044393848	1.0000005228217557	1.2821580390869931e-5	1.0678035262371682e-5
108.0	1.0023115732041183	1.0023114438847696	1.0023111929066064	1.0023116603562578	1.0000005320545244	1.2902110705119228e-5	1.2086571233466601e-5
109.0	1.002354832061266	1.0023547018625478	1.002354443725198	1.0023549242109593	1.000000541356615	1.298928424212884e-5	1.3520751830942523e-5
110.0	1.0023984990837214	1.0023983679378026	1.0023981025045074	1.002398596264851	1.0000005507277145	1.3083211807604875e-5	1.4980791719341329e-5
111.0	1.002442574535801	1.0024424423737308	1.0024421695063699	1.002442676781876	1.0000005601675106	1.3184004104956686e-5	1.6466905439525224e-5
112.0	1.0024870586844108	1.0024869254361137	1.0024866449952028	1.0024871660285581	1.0000005696756893	1.329177228858337e-5	1.797930740774425e-5
113.0	1.0025319517990496	1.002531817393328	1.002531529238018	1.0025320642740139	1.000000579251937	1.3406627232405256e-5	1.951821127237072e-5
114.0	1.0025772541518159	1.0025771185163457	1.0025768225044205	1.002577371789952	1.00000058889594	1.3528680171727685e-5	2.1083830821191915e-5
115.0	1.0026229660174109	1.0026228290787411	1.0026225250666165	1.0026230888506806	1.0000005986073837	1.3658042392636104e-5	2.2676379293847728e-5
116.0	1.0026690876731443	1.0026689493566976	1.0026686371994182	1.0026692157331138	1.0000006083859534	1.379482507649122e-5	2.4296069691040112e-5
117.0	1.0027156193989404	1.0027154796290085	1.0027151591802472	1.0027157527167727	1.0000006182313337	1.3939139786651677e-5	2.5943114817913998e-5
118.0	1.0027625614773417	1.002762420177085	1.0027620912891408	1.0027627000837933	1.0000006281432092	1.409109813575808e-5	2.7617726973116172e-5
119.0	1.0028099141935152	1.0028097712849624	1.0028094338087588	1.0028100581189334	1.0000006381212645	1.4250811718814937e-5	2.932011821366587e-5
120.0	1.002857677835257	1.0028575332393028	1.0028571870243856	1.0028578271095743	1.0000006481651826	1.4418392289843538e-5	3.105050053118218e-5
121.0	1.0029058526929981	1.0029057063294005	1.0029053512239368	1.0029060073457265	1.0000006582746468	1.4593951894202849e-5	3.2809085430248064e-5
122.0	1.0029544390598097	1.0029542908471916	1.0029539266979675	1.002954599120039	1.0000006684493408	1.4777602292420316e-5	3.4596084038257106e-5
123.0	1.0030034372314087	1.003003287087252	1.0030029137396719	1.0030036027277993	1.0000006786889462	1.4969455845294876e-5	3.641170763587073e-5
124.0	1.0030528475061624	1.0030526953468117	1.0030523126448951	1.0030530184669442	1.000000688993145	1.5169624517104295e-5	3.8256166770489936e-5
125.0	1.0031026701850951	1.0031025159257507	1.003102123712132	1.003102846638059	1.0000006993616193	1.5378220893460933e-5	4.012967218520968e-5
126.0	1.0031529055718935	1.0031527491266137	1.003152347242539	1.00315308754439	1.0000007097940502	1.5595357295281285e-5	4.2032433777414196e-5
127.0	1.0032035539729116	1.003203395254609	1.003202983539936	1.0032037414918453	1.0000007202901182	1.5821146353833695e-5	4.396466168260991e-5
128.0	1.003254615697177	1.0032544546176165	1.0032540329108117	1.0032548087890005	1.0000007308495036	1.6055700921638206e-5	4.5926565697916286e-5
129.0	1.003306091056397	1.0033059275261975	1.0033054956643355	1.0033062897471112	1.0000007414718861	1.6299133518633745e-5	4.7918354882788145e-5
130.0	1.0033579803649628	1.0033578142935917	1.0033573721123523	1.0033581846801074	1.0000007521569452	1.6551557305494923e-5	4.994023912954542e-5
131.0	1.0034102839399577	1.00341011523573	1.0034096625693978	1.0034104939046082	1.0000007629043597	1.6813085374841867e-5	5.199242692703228e-5
132.0	1.0034630021011615	1.0034628306712396	1.0034623673527017	1.0034632177399263	1.0000007737138077	1.7083830839270334e-5	5.4075127086057796e-5
133.0	1.0035161351710564	1.0035159609214461	1.0035154867821903	1.0035163565080694	1.0000007845849677	1.7363907184873175e-5	5.618854838428276e-5
134.0	1.0035696834748338	1.0035695063103853	1.0035690211804988	1.003569910533753	1.0000007955175163	1.7653427695377166e-5	5.833289874655472e-5
135.0	1.0036236473403997	1.003623467164803	1.0036229708729711	1.0036238801443997	1.0000008065111312	1.7952506115422467e-5	6.050838661592553e-5
136.0	1.0036780270983814	1.0036778438141654	1.0036773361876694	1.0036782656701506	1.0000008175654882	1.826125620747201e-5	6.27152195144444e-5
137.0	1.0037328230821332	1.0037326365906654	1.003732117455381	1.0037330674438696	1.000000828680263	1.8579791707055935e-5	6.495360517069149e-5
138.0	1.003788035627743	1.0037878458292249	1.0037873150096213	1.0037882858011473	1.0000008398551317	1.8908226786804816e-5	6.72237511205351e-5
139.0	1.0038436650740385	1.0038434718675067	1.0038429291866433	1.0038439210803127	1.0000008510897684	1.9246675414355604e-5	6.952586444074094e-5
140.0	1.0038997117625934	1.0038995150459147	1.0038989603254418	1.0038999736224337	1.0000008623838479	1.9595252037561057e-5	7.186015230108715e-5
141.0	1.0039561760377338	1.0039559757076042	1.0039554087677602	1.0039564437713258	1.0000008737370434	1.9954071141502993e-5	7.422682141038488e-5
142.0	1.004013058246545	1.004012854198489	1.0040122748580986	1.0040133318735607	1.0000008851490283	2.032324722585039e-5	7.662607821465847e-5
143.0	1.0040703587388782	1.0040701508672454	1.0040695589437187	1.004070638278471	1.0000008966194753	2.0702895069711558e-5	7.90581292058373e-5
144.0	1.004128077867356	1.0041278660653203	1.004127261374651	1.0041283633381552	1.0000009081480563	2.109312948779065e-5	8.152318078805159e-5
145.0	1.0041862159873804	1.0041860001469383	1.0041853825037022	1.0041865074074885	1.0000009197344428	2.1494065418304262e-5	8.402143885649985e-5
146.0	1.0042447734571387	1.0042445534691034	1.0042439226864561	1.0042450708441226	1.0000009313783056	2.190581829830368e-5	8.655310952627895e-5
147.0	1.00430375063761	1.0043035263916142	1.0043028822812912	1.0043040540085006	1.000000943079315	2.232850326706955e-5	8.911839809211114e-5
148.0	1.0043631478925734	1.0043629192770636	1.004362261649377	1.004363457263858	1.000000954837141	2.2762235983668736e-5	9.171751024358193e-5
149.0	1.0044229655886132	1.004422732490849	1.004422061154688	1.0044232809762312	1.000000966651452	2.3207132073605328e-5	9.435065124601396e-5
150.0	1.0044832040951268	1.0044829664011807	1.004482281164008	1.004483525514468	1.0000009785219168	2.3663307172510725e-5	9.701802616064137e-5
151.0	1.0045438637843318	1.0045436213790824	1.0045429220469346	1.0045441912502264	1.000000990448204	2.4130877522417392e-5	9.971984037417999e-5
152.0	1.004604945031272	1.0046046977984064	1.004603984175891	1.0046052785579906	1.000001002429979	2.4609959042728863e-5	0.00010245629824936197
153.0	1.0046664482138261	1.0046661960358356	1.0046654679261302	1.004666787815073	1.0000010144669096	2.5100668081226452e-5	0.00010522760487033249
154.0	1.0047283737127137	1.00472811647089	1.0047273736757412	1.0047287194016201	1.0000010265586616	2.5603121236600557e-5	0.00010803396467112177
155.0	1.004790721911503	1.0047904594859385	1.0047897018056597	1.004791073700625	1.0000010387049003	2.6117435092649474e-5	0.00011087558183261389
156.0	1.0048534931966178	1.004853225466203	1.0048524526996732	1.0048538510979312	1.0000010509052906	2.6643726328227508e-5	0.00011375266074566436
157.0	1.004916687957345	1.0049164147997642	1.0049156267444272	1.0049170519822386	1.0000010631594958	2.7182112114395887e-5	0.00011666540561225138
158.0	1.0049803065858425	1.0049800278775733	1.0049792243294355	1.004980676745115	1.0000010754671795	2.773270951717182e-5	0.00011961402011306041
159.0	1.005044349477146	1.0050440650934562	1.0050432458470855	1.0050447257810007	1.0000010878280043	2.8295635894686987e-5	0.00012259870829038654
160.0	1.0051088170291766	1.0051085268441229	1.005107691692647	1.005109199487217	1.000001100241632	2.887100867562761e-5	0.00012561967381790877
161.0	1.005173709642749	1.0051734135291714	1.0051725622642766	1.005174098263971	1.0000011127077237	2.9458945734191716e-5	0.00012867712035322852
162.0	1.0052390277215788	1.005238725551101	1.0052378579630317	1.0052394225143684	1.00000112522594	3.005956488134875e-5	0.00013177125098457336
163.0	1.0053047716722898	1.0053044633153174	1.005303579192873	1.005305172644419	1.0000011377959406	3.0672984063087846e-5	0.00013490226931227967
164.0	1.0053709419044226	1.0053706272301373	1.0053697263606725	1.005371349063042	1.0000011504173847	3.129932169110168e-5	0.00013807037858616948
165.0	1.005437538830442	1.005437217706801	1.005436299876223	1.0054379521820762	1.0000011630899306	3.193869620038341e-5	0.00014127578168252354
166.0	1.005504562865745	1.0055042351594798	1.0055033001522482	1.0055049824162898	1.0000011758132357	3.259122607073695e-5	0.000144518681611087
167.0	1.005572014428669	1.0055716800052794	1.005570727604404	1.0055724401833828	1.0000011885869569	3.325703031198673e-5	0.0001477992815139644
168.0	1.0056398939404994	1.0056395526642543	1.005638582651294	1.0056403259040014	1.0000012014107504	3.3936227778752716e-5	0.0001511177838474988
169.0	1.0057082018254777	1.0057078535594104	1.0057068657144717	1.0057086400017412	1.0000012142842714	3.462893776604874e-5	0.00015447439152959101
170.0	1.0057769385108108	1.0057765831167167	1.0057755772184533	1.0057773829031584	1.000001227207174	3.533527967740515e-5	0.0001578693070111801
171.0	1.0058461044266778	1.0058457417651119	1.0058447175907226	1.0058465550377762	1.0000012401791125	3.6055373112556686e-5	0.00016130273284932877
172.0	1.0059157000062389	1.0059153299365122	1.0059142872617395	1.005916156838093	1.0000012531997395	3.6789337977165456e-5	0.0001647748714191307
173.0	1.0059857256856441	1.0059853480658227	1.005984286664952	1.0059861887395938	1.0000012662687077	3.753729419519298e-5	0.00016828592500098963
174.0	1.0060561819040414	1.0060557965909416	1.0060547162367999	1.006056651180754	1.000001279385668	3.829936208351335e-5	0.00017183609582371398
175.0	1.0061270691035848	1.0061266759527712	1.0061255764167254	1.006127544603052	1.0000012925502713	3.907566208635825e-5	0.00017542558601930822
176.0	1.0061983877294438	1.0061979865952262	1.0061968676471822	1.0061988694509745	1.0000013057621664	3.9866314885021026e-5	0.00017905459773226386
177.0	1.0062701382298116	1.0062697289652442	1.0062685903736457	1.0062706261720298	1.000001319021003	4.067144117651987e-5	0.000182723332831583
178.0	1.0063423210559135	1.0063419035127883	1.0063407450446153	1.0063428152167484	1.0000013323264292	4.1491162246675635e-5	0.00018643199348349884
179.0	1.0064149366620163	1.0064145106908629	1.0064133321116306	1.0064154370387013	1.0000013456780916	4.232559930741567e-5	0.00019018078135594902
180.0	1.0064879855054367	1.006487550955518	1.0064863520292762	1.0064884920945019	1.000001359075637	4.317487391536573e-5	0.00019396989843397885
181.0	1.0065614680465507	1.0065610247658605	1.0065598052551912	1.0065619808438175	1.0000013725187107	4.403910781670449e-5	0.0001977995463125594
182.0	1.0066353847488014	1.0066349325840616	1.0066336922500796	1.0066359037493788	1.0000013860069572	4.491842296854722e-5	0.00020166992683535146
183.0	1.0067097360787105	1.0067092748753659	1.0067080134777153	1.0067102612769865	1.0000013995400203	4.581294171471204e-5	0.00020558124160822343
184.0	1.006784522505884	1.006784052108103	1.006782769404958	1.0067850538955245	1.0000014131175425	4.6722786299759974e-5	0.0002095336921305609
185.0	1.006859744503025	1.0068592647536931	1.006857960501756	1.006860282076965	1.0000014267391664	4.7648079530013545e-5	0.00021352748008089862
186.0	1.00693540254594	1.006934913286658	1.0069335872411582	1.0069359462963796	1.000001440404532	4.858894430964867e-5	0.00021756280696287925
187.0	1.00701149711355	1.0070109981846316	1.0070096500993246	1.007012047031949	1.0000014541132805	4.954550368413791e-5	0.00022163987414829394
188.0	1.0070880286878996	1.0070875199283655	1.007086149555531	1.0070885847649707	1.0000014678650502	5.0517881214393974e-5	0.00022575888329494777
189.0	1.0071649977541657	1.007164479001744	1.0071630860921865	1.0071655599798712	1.0000014816594796	5.15062003586467e-5	0.00022992003550758553
190.0	1.007242404800668	1.0072418758917872	1.0072404601948335	1.0072429731642116	1.0000014954962058	5.251058517728749e-5	0.0002341235325274733
191.0	1.007320250318879	1.0073197110886678	1.0073182723521659	1.0073208248087033	1.0000015093748653	5.3531159626627617e-5	0.00023836957534219012
192.0	1.0073985348034313	1.0073979850857147	1.0073965230560336	1.0073991154072113	1.0000015232950932	5.456804806525592e-5	0.00024265836563961443
193.0	1.0074772587521306	1.0074766983794232	1.0074752128014512	1.0074778454567643	1.0000015372565239	5.5621375319364456e-5	0.00024699010477055794
194.0	1.0075564226659635	1.007555851469471	1.007554342086615	1.0075570154575721	1.0000015512587908	5.669126608690074e-5	0.00025136499361550266
195.0	1.0076360270491078	1.00763544485872	1.0076339114129043	1.007636625913026	1.0000015653015264	5.7777845598060254e-5	0.0002557832338618256
196.0	1.0077160724089427	1.007715479053231	1.0077139212848967	1.0077166773297148	1.0000015793843617	5.888123926187846e-5	0.00026024502672422053
197.0	1.0077965592560592	1.0077959545622734	1.0077943722103764	1.0077971702174326	1.0000015935069275	6.0001572753640316e-5	0.00026475057340643866
198.0	1.0078774881042691	1.0078768718983342	1.007875264700345	1.0078781050891894	1.0000016076688532	6.113897197005886e-5	0.0002693000752763838
199.0	1.007958859470617	1.0079582315771285	1.0079565992690311	1.0079594824612212	1.0000016218697665	6.229356313867547e-5	0.0002738937335344064
200.0	1.008040673875389	1.00804003411761	1.008038376433901	1.0080413028530004	1.0000016361092947	6.346547275098447e-5	0.0002785317495205985
201.0	1.0081229318421236	1.008122280041981	1.0081205967156686	1.0081235667872461	1.0000016503870646	6.465482751761176e-5	0.00028321432462544345
202.0	1.0082056338976229	1.0082049698757027	1.0082032606383051	1.0082062747899343	1.0000016647027006	6.586175456577243e-5	0.00028794166011240094
203.0	1.0082887805719616	1.008288104147508	1.008286368729054	1.0082894273903091	1.0000016790558277	6.708638106405726e-5	0.00029271395727093174
204.0	1.0083723723984992	1.0083716833894076	1.0083699215184334	1.0083730251208922	1.0000016934460678	6.832883470618441e-5	0.000297531417503376
205.0	1.0084564099138897	1.0084557081367043	1.008453919540255	1.0084570685174945	1.0000017078730434	6.958924337983107e-5	0.00030239424214754387
206.0	1.008540893658093	1.0085401789280029	1.0085383633316307	1.008541558119226	1.000001722336375	7.086773523192127e-5	0.0003073026326516799
207.0	1.0086258241743848	1.008625096305221	1.0086232534329833	1.008626494468509	1.0000017368356828	7.216443862380425e-5	0.00031225679035304133
208.0	1.008711202009369	1.0087104608135982	1.0087085903880584	1.0087118781110844	1.000001751370585	7.347948246066744e-5	0.0003172569168950039
209.0	1.008797027712987	1.00879627300171	1.0087943747439352	1.0087977095960279	1.0000017659406988	7.481299570637686e-5	0.00032230321358734336
210.0	1.0088833018385304	1.0088825334214762	1.0088806070510372	1.008883989475756	1.000001780545641	7.61651077789182e-5	0.00032739588208748505
211.0	1.0089700249426508	1.0089692426281744	1.0089672878631448	1.0089707183060428	1.0000017951850262	7.753594824140554e-5	0.0003325351238489018
212.0	1.0090571975853722	1.0090564011804486	1.0090544177374037	1.0090578966460253	1.0000018098584684	7.892564717540433e-5	0.00033772114071415466
213.0	1.0091448203301017	1.0091440096403232	1.0091419972343396	1.0091455250582193	1.0000018245655808	8.03343347839431e-5	0.00034295413407728874
214.0	1.0092328937436408	1.0092320685732128	1.0092300269178673	1.0092336041085288	1.0000018393059749	8.176214163276537e-5	0.0003482343058289201
215.0	1.0093214183961974	1.0093205785479322	1.009318507355301	1.0093221343662564	1.0000018540792606	8.320919875945487e-5	0.00035356185780473535
216.0	1.0094103948613973	1.0094095401367136	1.0094074391173717	1.0094111164041193	1.0000018688850478	8.467563718856688e-5	0.0003589369915642654
217.0	1.009499823716295	1.0094989539152097	1.0094968227782302	1.0095005507982535	1.0000018837229443	8.616158863476892e-5	0.00036435990929164016
218.0	1.0095897055413876	1.0095888204625134	1.0095866589154663	1.0095904381282335	1.0000018985925565	8.766718492997724e-5	0.0003698308128042494
219.0	1.0096800409206235	1.009679140361167	1.009676948110119	1.0096807789770803	1.0000019134934903	8.919255804456681e-5	0.00037534990412346346
220.0	1.0097708304414172	1.0097699141971677	1.0097676909466817	1.0097715739312696	1.00000192842535	9.073784090019157e-5	0.0003809173856711902
221.0	1.0098620746946598	1.0098611425599908	1.0098588880131247	1.0098628235807514	1.0000019433877387	9.230316618128773e-5	0.0003865334590369947
222.0	1.0099537742747315	1.0099528260425947	1.0099505399009003	1.009954528518957	1.0000019583802577	9.388866708194983e-5	0.0003921983269120951
223.0	1.0100459297795137	1.010044965241434	1.0100426472049577	1.0100466893428133	1.0000019734025076	9.549447715106862e-5	0.00039791219139467804
224.0	1.0101385418104014	1.0101375607564727	1.0101352105237533	1.010139306652753	1.0000019884540878	9.712073029141925e-5	0.00040367525504408214
225.0	1.0102316109723155	1.0102306131911958	1.0102282304592654	1.010232381052729	1.0000020035345965	9.876756071478547e-5	0.00040948772035172433
226.0	1.0103251378737153	1.01032412315262	1.010321707617002	1.0103259131502236	1.0000020186436294	0.00010043510322676683	0.0004153497899815944
227.0	1.0104191231266106	1.010418091251313	1.0104156426060222	1.0104199035562682	1.0000020337807825	0.00010212349252252458	0.000421261666219421
228.0	1.0105135673465753	1.0105125181013976	1.0105100360389394	1.0105143528854468	1.0000020489456491	0.00010383286395513629	0.0004272235523779559
229.0	1.0106084711527592	1.0106074043205677	1.0106048885319383	1.010609261755914	1.0000020641378222	0.000105563353358746	0.0004332356511032138
230.0	1.0107038351679014	1.0107027505301045	1.0107002007047887	1.0107046307894079	1.000002079356893	0.00010731509658620638	0.00043929816540610377
231.0	1.0107996600183424	1.0107985573548812	1.0107959731808531	1.0108004606112584	1.0000020946024508	0.00010908823032107639	0.0004454112984631935
232.0	1.0108959463340388	1.0108948254233876	1.01089220658711	1.0108967518504086	1.0000021098740848	0.00011088289108801104	0.00045157525311004037
233.0	1.010992694748574	1.0109915553677318	1.010988901554155	1.0109935051394197	1.0000021251713815	0.00011269921613056845	0.0004577902331139773
234.0	1.0110899058991731	1.0110887478236583	1.0110860587162205	1.011090721114486	1.0000021404939272	0.00011453734312457958	0.00046405644176667843
235.0	1.011187580426716	1.0111864034305635	1.0111836787111899	1.0111884004154525	1.0000021558413055	0.00011639740986971765	0.0004703740824979266
236.0	1.0112857189757507	1.0112845228315055	1.0112817621806072	1.011286543685824	1.0000021712130995	0.0001182795547058108	0.00047674335904984597
237.0	1.0113843221945058	1.0113831066732173	1.0113803097696918	1.011385151572778	1.0000021866088902	0.00012018391642395338	0.00048316447534363637
238.0	1.0114833907349052	1.0114821556061233	1.0114793221273533	1.0114842247271822	1.0000022020282577	0.00012211063406790062	0.0004896376351707381
239.0	1.0115829252525814	1.0115816702843492	1.0115787999062027	1.0115837638036032	1.0000022174707808	0.0001240598472843298	0.0004961630426744575
240.0	1.0116829264068896	1.0116816513657403	1.0116787437625705	1.0116837694603253	1.000002232936036	0.00012603169590470685	0.0005027409019752458
241.0	1.0117833948609205	1.0117820995118714	1.0117791543565149	1.0117842423593608	1.0000022484235993	0.00012802632022966293	0.0005093714174546305
242.0	1.0118843312815156	1.0118830153880611	1.011880032351839	1.0118851831664641	1.000002263933044	0.00013004386111570252	0.0005160547936220036
243.0	1.01198573633928	1.0119843996633884	1.0119813784161047	1.0119865925511478	1.0000022794639434	0.0001320844596449653	0.0005227912350034223
244.0	1.0120876107085979	1.012086253010704	1.0120831932206467	1.0120884711866949	1.0000022950158673	0.00013414825747529724	0.0005295809464912422
245.0	1.0121899550676454	1.012188576106646	1.012185477440585	1.0121908197501732	1.000002310588386	0.0001362353965758675	0.0005364241329256573
246.0	1.0122927700984061	1.0122913696316538	1.012288231754842	1.0122936389224515	1.0000023261810673	0.00013834601942356963	0.0005433209993784721
247.0	1.0123960564866847	1.0123946342699828	1.0123914568461554	1.0123969293882107	1.0000023417934774	0.00014048026884837616	0.0005502717512392806
248.0	1.0124998149221223	1.012498370709718	1.0124951534010922	1.0125006918359616	1.0000023574251804	0.00014263828822966642	0.0005572765937752016
249.0	1.0126040460982098	1.01260257964279	1.012599322110064	1.0126049269580577	1.0000023730757401	0.0001448202212319377	0.0005643357325680912
250.0	1.0127087507123045	1.012707261764987	1.0127039636673412	1.0127096354507088	1.0000023887447178	0.00014702621226422437	0.0005714493735348459
251.0	1.012813929465643	1.0128124177759728	1.0128090787710673	1.0128148180139982	1.0000024044316738	0.00014925640597459027	0.0005786177222679819
252.0	1.0129195830633582	1.0129180483793032	1.01291466812328	1.012920475351899	1.0000024201361657	0.00015151094722719554	0.0005858409848235736
253.0	1.0130257122144926	1.0130241542824334	1.0130207324299152	1.013026608172284	1.0000024358577502	0.00015378998186845515	0.0005931193678072097
254.0	1.013132317632014	1.0131307361967408	1.0131272724008304	1.013133217186944	1.0000024515959829	0.0001560936558489602	0.0006004530775831328
255.0	1.0132394000328313	1.0132377948375377	1.0132342887498178	1.0132403031116046	1.0000024673504162	0.00015842211559506192	0.000607842320557778
256.0	1.0133469601378102	1.0133453309240825	1.0133417821946165	1.013347866665936	1.000002483120603	0.00016077550846786248	0.0006152873038795032
257.0	1.013454998671787	1.013453345179605	1.0134497534569356	1.0134559085735761	1.0000024989060916	0.00016315398157868083	0.0006227882339904878
258.0	1.0135635163635854	1.0135618383313125	1.0135582032624622	1.0135644295621404	1.0000025147064313	0.00016555768294935144	0.0006303453186193625
259.0	1.0136725139460334	1.0136708111104085	1.0136671323408797	1.0136734303632389	1.0000025305211684	0.00016798676116033023	0.000637958765004501
260.0	1.0137819921559763	1.0137802642521099	1.0137765414258846	1.013782911712493	1.0000025463498476	0.0001704413650866289	0.0006456287806813202
261.0	1.013891951734295	1.0138901984956616	1.0138864312552014	1.0138928743495497	1.0000025621920121	0.00017292164420331833	0.0006533555735900869
262.0	1.014002393425921	1.0140006145843525	1.0139968025705979	1.0140033190180997	1.0000025780472028	0.00017542774849666593	0.0006611393516361389
263.0	1.014113317979853	1.014111513265532	1.014107656117903	1.0141142464658919	1.0000025939149595	0.00017795982844100874	0.000668980323016809
264.0	1.0142247261491728	1.0142228952906285	1.0142189926470238	1.0142256574447517	1.0000026097948196	0.0001805180348223833	0.0006768786961321125
265.0	1.014336618691062	1.0143347614151574	1.014330812911956	1.014337552710592	1.000002625686319	0.00018310251945978002	0.0006848346799333467
266.0	1.0144489963668186	1.014447112398749	1.014443117670808	1.014449933023437	1.0000026415889918	0.00018571343421863246	0.0006928484829580122
267.0	1.014561859941873	1.0145599490051576	1.0145559076858137	1.0145627991474337	1.0000026575023702	0.00018835093166638575	0.0007009203144009661
268.0	1.0146752101858054	1.0146732720022797	1.0146691837233488	1.0146761518508711	1.0000026734259846	0.0001910151648741717	0.0007090503836528545
269.0	1.0147890478723627	1.0147870821621707	1.0147829465539484	1.014789991906194	1.0000026893593634	0.00019370628763434427	0.0007172389002765062
270.0	1.0149033737794746	1.0149013802610642	1.0148971969523253	1.0149043200900238	1.0000027053020335	0.00019642445397775199	0.0007254860739395737
271.0	1.0150181886892717	1.0150161670793865	1.015011935697385	1.015019137183174	1.0000027212535192	0.00019916981861011656	0.0007337921147628976
272.0	1.0151334933881022	1.015131443401773	1.015127163572242	1.0151344439706655	1.0000027372133433	0.00020194253686689291	0.0007421572332311109
273.0	1.0152492886665498	1.0152472100170864	1.015242881364239	1.015250241241744	1.000002753181027	0.00020474276482124705	0.0007505816396439481
274.0	1.01536557531945	1.0153634677184373	1.015359089864966	1.0153665297899024	1.000002769156089	0.00020757065867029275	0.0007590655445958564
275.0	1.0154823541459088	1.0154802173031974	1.0154757898702749	1.015483310412893	1.0000027851380469	0.0002104263754774284	0.0007676091594115307
276.0	1.0155996259493199	1.0155974595730168	1.0155929821802954	1.015600583912745	1.0000028011264148	0.00021331007295216574	0.0007762126954222466
277.0	1.0157173915373827	1.015715195333848	1.0157106675994603	1.015718351095788	1.0000028171207065	0.00021622190907707347	0.0007848763636362212
278.0	1.0158356517221199	1.0158334253959538	1.0158288469365129	1.0158366127726612	1.0000028331204323	0.0002191620428278892	0.0007936003765515614
279.0	1.0159544073198963	1.0159521505739362	1.0159475210045354	1.0159553697583408	1.000002849125102	0.00022213063340692708	0.0008023849456399905
280.0	1.016073659151436	1.0160713716867447	1.0160666906209586	1.01607462287215	1.0000028651342219	0.00022512784096303135	0.000811230283662446
281.0	1.016193408041842	1.0161910895577033	1.016186356607587	1.0161943729377836	1.0000028811472974	0.00022815382586887278	0.0008201366029402041
282.0	1.016313654820613	1.0163113050145207	1.0163065197906105	1.0163146207833202	1.0000028971638315	0.00023120874950626123	0.0008291041165988926
283.0	1.0164344003216639	1.016432018889315	1.0164271810006291	1.0164353672412476	1.0000029131833243	0.000234292773652784	0.0008381330375831174
284.0	1.0165556453833424	1.0165532320186288	1.0165483410726668	1.0165566131484745	1.000002929205275	0.00023740606080811222	0.0008472235795504824
285.0	1.0166773908484499	1.0166749452434505	1.016670000846194	1.0166783593463549	1.0000029452291803	0.0002405487740177403	0.0008563759559520094
286.0	1.0167996375642594	1.0167971594092315	1.016792161165145	1.0168006066807056	1.0000029612545345	0.000243721077024406	0.0008655903809477823
287.0	1.0169223863825343	1.0169198753659048	1.0169148228779352	1.0169233560018214	1.0000029772808294	0.0002469231342665469	0.0008748670689679919
288.0	1.0170456381595485	1.0170430939679047	1.0170379868374821	1.0170466081644987	1.0000029933075563	0.0002501551108767481	0.0008842062345144721
289.0	1.0171693937561055	1.0171668160741885	1.017161653901227	1.0171703640280543	1.000003009334202	0.00025341717248371354	0.00089360809228985
290.0	1.0172936540375572	1.0172910425482544	1.017285824931151	1.0172946244563452	1.0000030253602532	0.00025670948525446897	0.0009030728578068478
291.0	1.017418419873825	1.0174157742581555	1.0174105007937921	1.0174193903177817	1.0000030413851928	0.000260032216613079	0.0009126007467093345
292.0	1.0175436921394176	1.0175410120765287	1.0175356823602721	1.017544662485357	1.0000030574085024	0.0002633855341694504	0.0009221919744648766
293.0	1.0176694717134531	1.0176667568806108	1.0176613705063124	1.0176704418366616	1.000003073429661	0.0002667696062198777	0.0009318467574540861
294.0	1.0177957594796774	1.017793009552254	1.0177875661122509	1.0177967292539016	1.0000030894481455	0.00027018460213812883	0.0009415653120736339
295.0	1.0179225563264855	1.0179197709779553	1.0179142700630708	1.017923525623925	1.0000031054634304	0.0002736306915446707	0.0009513478550616242
296.0	1.0180498631469408	1.0180470420488663	1.0180414832484106	1.0180508318382344	1.000003121474988	0.00027710804515593577	0.0009611946038008968
297.0	1.0181776808387963	1.018174823660822	1.0181692065625916	1.0181786487930136	1.0000031374822882	0.00028061683419360945	0.0009711057754443151
298.0	1.0183060103045156	1.0183031167143568	1.0182974409046368	1.0183069773891449	1.0000031534847984	0.000284157230688368	0.000981081587741721
299.0	1.0184348524512925	1.0184319221147284	1.0184261871782911	1.0184358185322322	1.0000031694819842	0.0002877294072383132	0.000991122259037657
300.0	1.0185642081910729	1.0185612407719347	1.0185554462920416	1.018565173132619	1.0000031854733085	0.0002913335373779723	0.001001228007745816
301.0	1.0186940784405754	1.0186910736007353	1.0186852191591373	1.0186950421054084	1.0000032014582312	0.000294969795511066	0.0010113990527394646
302.0	1.0188244641213127	1.0188214215206783	1.018815506697616	1.0188254263704912	1.0000032174362106	0.00029863835640743123	0.001021635612847886
303.0	1.018955366159613	1.0189522854561148	1.0189463098303189	1.0189563268525594	1.0000032334067028	0.0003023393958552634	0.0010319379078787834
304.0	1.019086785486641	1.0190836663362222	1.0190776294849149	1.019087744481131	1.0000032493691604	0.00030607309046308995	0.0010423061575915004
305.0	1.0192187230384206	1.019215565095028	1.0192094665939235	1.0192196801905724	1.0000032653230346	0.0003098396174618844	0.0010527405822615828
306.0	1.0193511797558559	1.0193479826714307	1.0193418220947352	1.0193521349201187	1.0000032812677735	0.000313639154855849	0.0010632414024170304
307.0	1.019484156584753	1.0194809200092174	1.0194746969296309	1.0194851096138942	1.0000032972028228	0.00031747188170374896	0.001073808839162884
308.0	1.019617654475843	1.019614378057093	1.0196080920458086	1.019618605220938	1.0000033131276256	0.00032133797759425597	0.0010844431135690006
309.0	1.0197516743848034	1.019748357768698	1.0197420083954034	1.0197526226952252	1.0000033290416228	0.00032523762290556846	0.0010951444475173692
310.0	1.019886217272281	1.0198828601026273	1.019876446935506	1.0198871629956827	1.0000033449442522	0.00032917099934784557	0.0011059130632640585
311.0	1.0200212841039142	1.0200178860224631	1.0200114086281944	1.0200222270862247	1.00000336083495	0.00033313828878547646	0.0011167491826966978
312.0	1.0201568758503565	1.0201534364967884	1.0201468944405485	1.0201578159357638	1.0000033767131489	0.00033713967425861083	0.0011276530290523835
313.0	1.020292993487298	1.0202895124992128	1.0202829053446756	1.0202939305182388	1.000003392578279	0.00034117533956751754	0.001138624825674074
314.0	1.0204296379954898	1.0204261150083946	1.020419442317732	1.020430571812636	1.000003408429768	0.00034524546955357863	0.0011496647960519593
315.0	1.0205668103607666	1.0205632450080662	1.0205565063419497	1.0205677408030147	1.0000034242670408	0.0003493502497055776	0.0011607731641911907
316.0	1.0207045115740705	1.0207009034870564	1.0206940984046573	1.020705438478529	1.0000034400895206	0.0003534898663754047	0.0011719501545441565
317.0	1.0208427426314737	1.0208390914393108	1.0208322194983013	1.0208436658334488	1.0000034558966262	0.00035766450701532707	0.0011831959920950799
318.0	1.020981504534203	1.02097780986392	1.0209708706204745	1.020982423867188	1.0000034716877748	0.0003618743597843544	0.0011945109018355003
319.0	1.0211207982886639	1.0211170597651398	1.021110052773935	1.0211217135843251	1.0000034874623809	0.0003661196138942483	0.0012058951096320506
320.0	1.0212606249064637	1.0212568421524197	1.0212497669666363	1.0212615359946302	1.0000035032198555	0.00037040045917251474	0.001217348841332148
321.0	1.0214009854044366	1.0213971580404202	1.0213900142117431	1.021401892113084	1.0000035189596075	0.0003747170867344426	0.0012288723238489496
322.0	1.0215418808046677	1.0215380084490426	1.0215307955276622	1.0215427829599064	1.0000035346810427	0.0003790696884590807	0.0012404657838975604
323.0	1.0216833121345172	1.0216793944034532	1.0216721119380667	1.0216842095605816	1.0000035503835643	0.00038345845698723125	0.001252129448666791
324.0	1.021825280426646	1.0218213169341033	1.021813964471915	1.0218261729458777	1.0000035660665723	0.0003878835862409547	0.0012638635463599526
325.0	1.0219677867190404	1.0219637770767582	1.0219563541634813	1.0219686741518756	1.0000035817294644	0.0003923452709866326	0.0012756683048229234
326.0	1.0221108320550363	1.022106775872523	1.0220992820523798	1.0221117142199951	1.0000035973716344	0.0003968437067676894	0.0012875439529544256
327.0	1.022254417483346	1.0222503143678638	1.0222427491835868	1.0222552941970158	1.0000036129924739	0.0004013790903586621	0.0012994907198123407
328.0	1.0223985440580814	1.0223943936146354	1.0223867566074694	1.0223994151351052	1.0000036285913723	0.00040595161937187073	0.0013115088350674805
329.0	1.0225432128387828	1.0225390146701063	1.0225313053798082	1.0225440780918431	1.000003644167714	0.00041056149253756644	0.001323598528718533
330.0	1.0226884248904415	1.022684178596986	1.0226763965618269	1.02268928413025	1.000003659720883	0.0004152089093976089	0.0013357600312198274
331.0	1.0228341812835282	1.0228298864634475	1.0228220312202128	1.022835034318808	1.000003675250258	0.0004198940707374841	0.001347993573652391
332.0	1.0229804830940172	1.0229761393431542	1.0229682104271451	1.0229813297314891	1.0000036907552157	0.0004246171784101806	0.0013602993874389684
333.0	1.0231273314034146	1.0231229383152918	1.023114935260327	1.0231281714477867	1.0000037062351301	0.00042937843492147043	0.0013726777041894926
334.0	1.0232747272987837	1.0232702844645856	1.0232622068030024	1.0232755605527328	1.0000037216893713	0.0004341780442306994	0.0013851287567403186
335.0	1.0234226718727717	1.023418178881333	1.0234100261439876	1.0234234981369303	1.0000037371173072	0.0004390162112057001	0.0013976527777188094
336.0	1.0235711662236373	1.0235666226614284	1.0235583943776976	1.0235719852965788	1.0000037525183016	0.00044389314185911164	0.0014102500005174353
337.0	1.0237202114552775	1.0237156169063923	1.023707312604175	1.0237210231335023	1.0000037678917157	0.0004488090431072988	0.0014229206588786448
338.0	1.0238698086772549	1.0238651627233952	1.0238567819291131	1.023870612755174	1.0000037832369082	0.00045376412315838096	0.0014356649873476857
339.0	1.0240199590048247	1.0240152612252866	1.0240068034638856	1.0240207552747458	1.0000037985532328	0.0004587585912493962	0.0014484832207057297
340.0	1.0241706635589634	1.0241659135306225	1.0241573783255742	1.0241714518110745	1.000003813840042	0.00046379265779560556	0.0014613755943141897
341.0	1.0243219234663956	1.0243171207636934	1.0243085076369967	1.0243227034887512	1.0000038290966837	0.0004688665342578444	0.0014743423438083004
342.0	1.0244737398596235	1.0244688840545526	1.0244601925267336	1.0244745114381282	1.000003844322503	0.00047398043327006147	0.0014873837058097898
343.0	1.0246261138769537	1.0246212045390424	1.0246124341291574	1.0246268767953461	1.0000038595168417	0.00047913456868004336	0.0015004999172300816
344.0	1.0247790466625264	1.024774083358825	1.024765233584461	1.0247798007023654	1.0000038746790385	0.00048432915539507623	0.0015136912152025532
345.0	1.024932539366344	1.0249275216614082	1.0249185920386845	1.0249332843069903	1.0000038898084287	0.000489564409661013	0.0015269578380765546
346.0	1.0250865931443003	1.0250815206001778	1.0250725106437464	1.025087328762902	1.0000039049043437	0.000494840548734561	0.0015403000238974447
347.0	1.025241209158209	1.0252360813344228	1.0252269905574714	1.025241935229686	1.0000039199661122	0.0005001577912055813	0.0015537180119855206
348.0	1.0253963885758337	1.0253912050293674	1.02538203294362	1.0253971048728598	1.0000039349930587	0.0005055163567993665	0.0015672120417629517
349.0	1.0255521325709167	1.0255468928561986	1.0255376389719164	1.0255528388639046	1.0000039499845053	0.0005109164665255007	0.0015807823532708175
350.0	1.0257084423232097	1.0257031459920958	1.0256938098180797	1.025709138380292	1.0000039649397696	0.0005163583427183221	0.0015944291874041916
351.0	1.0258653190185023	1.0258599656202627	1.0258505466638537	1.0258660046055184	1.0000039798581666	0.0005218422087526613	0.0016081527850645826
352.0	1.0260227638486539	1.0260173529299552	1.026007850697037	1.0260234387291305	1.0000039947390074	0.0005273682894090571	0.001621953388131297
353.0	1.0261807780116223	1.0261753091165113	1.0261657231115107	1.0261814468240298	1.0000040095815994	0.0005329368107625827	0.0016358312391334007
354.0	1.0263393627114963	1.0263338353813833	1.026324165107272	1.0263400266735603	1.0000040243852464	0.0005385480001799253	0.00164978658066231
355.0	1.0264985191585245	1.0264929329321664	1.0264831778904633	1.026499178111578	1.0000040391492488	0.0005442020864029727	0.0016638196564075043
356.0	1.0266582485691478	1.0266526029826333	1.0266427626734052	1.0266589023524446	1.0000040538729031	0.0005498992992429998	0.0016779307102444423
357.0	1.0268185521660296	1.026812846752759	1.0268029206746225	1.0268192006167198	1.000004068555503	0.0005556398702049717	0.001692119987075166
358.0	1.0269794311780882	1.0269736654687602	1.0269636531188828	1.0269800741311987	1.0000040831963375	0.0005614240317707321	0.0017063877318300167
359.0	1.0271408868405283	1.0271350603631186	1.027124961237221	1.0271415241289374	1.000004097794692	0.0005672520181312309	0.0017207341906539993
360.0	1.027302920394872	1.0272970326746198	1.0272868462669769	1.0273035518492903	1.0000041123498489	0.0005731240645131076	0.0017351596097356756
361.0	1.0274655330889924	1.027459583648377	1.02744930945182	1.0274661585379348	1.000004126861086	0.000579040408040265	0.0017496642364714916
362.0	1.0276287261771453	1.027622714535874	1.0276123520417917	1.0276293454469123	1.0000041413276781	0.0005850012867579638	0.0017642483180356702
363.0	1.0277925009200015	1.0277864265949908	1.027775975293331	1.0277931138346568	1.0000041557488952	0.0005910069401485057	0.0017789121028468377
364.0	1.02795685858468	1.0279507210900312	1.0279401804693042	1.0279574649660204	1.0000041701240046	0.0005970576097328012	0.0017936558403049262
365.0	1.0281218004447823	1.028115599291771	1.0281049688390484	1.0281224001123213	1.0000041844522682	0.0006031535377059976	0.0018084797789514355
366.0	1.0282873277804228	1.0282810624774763	1.0282703416783951	1.0282879205513626	1.000004198732946	0.0006092949681656364	0.0018233841697283845
367.0	1.0284534418782652	1.0284471119309437	1.0284363002697068	1.0284540275674738	1.0000042129652922	0.0006154821466545663	0.0018383692633606175
368.0	1.0286201440315554	1.028613748942532	1.0286028459019096	1.0286207224515396	1.0000042271485579	0.0006217153203302879	0.001853435311043907
369.0	1.0287874355401556	1.0287809748092003	1.028769979870533	1.0287880065010404	1.0000042412819898	0.0006279947375081982	0.0018685825647006475
370.0	1.028955317710578	1.0289487908345363	1.0289377034777358	1.0289558810200794	1.0000042553648314	0.0006343206482626572	0.0018838112774295147
371.0	1.0291237918560199	1.029117198328793	1.0291060180323441	1.0291243473194203	1.000004269396321	0.0006406933042507022	0.001899121702508835
372.0	1.0292928592963992	1.0292861986089232	1.0292749248498865	1.0292934067165196	1.000004283375694	0.0006471129587516345	0.0019145140941485659
373.0	1.0294625213583888	1.029455792998617	1.0294444252526291	1.029463060535567	1.0000042973021803	0.0006535798664045748	0.001929988706688287
374.0	1.029632779375451	1.029625982828332	1.0296145205696088	1.029633310107513	1.0000043111750068	0.0006600942836147805	0.001945545795888164
375.0	1.029803634687875	1.0297967694353327	1.0297852121366706	1.0298041567701097	1.0000043249933954	0.0006666564683773636	0.001961185617652313
376.0	1.0299750886428116	1.0299681541637242	1.0299565012965017	1.029975601867944	1.0000043387565645	0.0006732666803167404	0.001976908428974282
377.0	1.0301471425943096	1.0301401383644895	1.0301283893986695	1.030147646752475	1.0000043524637277	0.0006799251806397944	0.0019927144870491163
378.0	1.0303197979033516	1.0303127233955216	1.0303008777996534	1.0303202927820663	1.0000043661140947	0.0006866322324769788	0.002008604050477088
379.0	1.030493055937892	1.0304859106216675	1.0304739678628885	1.0304935413220293	1.0000043797068705	0.0006933881003180556	0.0020245773774705887
380.0	1.0306669180728927	1.0306597014147598	1.0306476609587971	1.0306673937446547	1.000004393241256	0.0007001930503747585	0.0020406347281352833
381.0	1.0308413856903602	1.030834097153651	1.030821958464824	1.0308418514292481	1.000004406716447	0.0007070473508784417	0.0020567763628710368
382.0	1.0310164601793845	1.0310090992242564	1.0309968617654788	1.0310169157621716	1.0000044201316363	0.0007139512716236184	0.0020730025423253318
383.0	1.0311921429361752	1.0311847090195903	1.0311723722523716	1.03119258813688	1.0000044334860112	0.0007209050840717892	0.0020893135285312138
384.0	1.0313684353641002	1.0313609279397993	1.0313484913242463	1.0313688699539547	1.0000044467787546	0.0007279090617350134	0.002105709584041495
385.0	1.0315453388737246	1.0315377573922093	1.0315252203870293	1.03154576262115	1.0000044600090452	0.0007349634795043091	0.002122190971645112
386.0	1.0317228548828477	1.0317151987913527	1.0317025608538548	1.0317232675534211	1.0000044731760565	0.0007420686145282829	0.0021387579558918754
387.0	1.0319009848165437	1.0318932535590153	1.0318805141451128	1.0319013861729702	1.0000044862789585	0.0007492247456060735	0.002155410801365852
388.0	1.0320797301071996	1.0320719231242732	1.0320590816884854	1.032080119909284	1.0000044993169153	0.0007564321533123825	0.0021721497733489855
389.0	1.0322590921945547	1.0322512089235305	1.032238264918985	1.0322594701991699	1.0000045122890877	0.0007636911201653626	0.002188975138333421
390.0	1.0324390725257413	1.0324311124005583	1.032418065278992	1.0324394384867968	1.0000045251946303	0.0007710019307512877	0.0022058871633716913
391.0	1.0326196725553236	1.0326116350065397	1.0325984842183034	1.0326200262237395	1.000004538032694	0.0007783648711609605	0.002222886115943714
392.0	1.0328008937453383	1.0327927782001016	1.0327795231941586	1.0328012348690099	1.000004550802425	0.0007857802298456327	0.0022399722652861115
393.0	1.0329827375653358	1.032974543447363	1.0329611836712946	1.032983065889106	1.0000045635029633	0.0007932482968813244	0.0022571458802802184
394.0	1.0331652054924205	1.0331569322219678	1.0331434671219735	1.033165520758044	1.0000045761334457	0.0008007693647383052	0.0022744072314909176
395.0	1.0333482990112925	1.0333399460051333	1.0333263750260335	1.0333486009574069	1.0000045886930038	0.0008083437275885503	0.00229175658970015
396.0	1.0335320196142883	1.0335235862856895	1.0335099088709276	1.033532307976384	1.0000046011807635	0.0008159716814517756	0.0023091942264617956
397.0	1.0337163688014237	1.0337078545601157	1.03369407015176	1.033716643311808	1.0000046135958458	0.0008236535247923691	0.002326720415085645
398.0	1.033901348080435	1.0338927523325876	1.0338788603713343	1.0339016084682005	1.0000046259373678	0.0008313895579559246	0.0023443354285271056
399.0	1.0340869589668227	1.0340782811150189	1.0340642810401939	1.0340872049578151	1.0000046382044403	0.0008391800833149336	0.002362039541338198
400.0	1.0342732029838924	1.0342644424271021	1.0342503336766622	1.0342734343006772	1.0000046503961697	0.0008470254053713523	0.0023798330286317246
401.0	1.0344600816627993	1.034451237796349	1.0344370198068862	1.0344602980246254	1.000004662511657	0.000854925831073666	0.002397716166506418
402.0	1.0346475965425923	1.034638668758143	1.0346243409648848	1.034647797665362	1.0000046745499984	0.0008628816689961451	0.0024156892313339363
403.0	1.0348357491702556	1.0348267368557733	1.034812298692586	1.0348359347664902	1.000004686510284	0.0008708932301067752	0.0024337525011712516
404.0	1.0350245411007541	1.0350154436404788	1.0350008945398699	1.0350247108795543	1.0000046983916002	0.0008789608278907201	0.0024519062548326556
405.0	1.0352139738970783	1.0352047906715	1.0351901300646194	1.0352141275640947	1.0000047101930265	0.0008870847776156429	0.0024701507713274316
406.0	1.0354040491302876	1.035394779516117	1.0353800068327608	1.0354041863876835	1.000004721913638	0.0008952653969702894	0.002488486331121303
407.0	1.0355947683795568	1.0355854117496937	1.0355705264183048	1.0355948889259705	1.0000047335525044	0.0009035030060805325	0.0025069132157237396
408.0	1.0357861332322205	1.0357766889557296	1.0357616904034024	1.035786236762734	1.0000047451086893	0.000911797926989427	0.002525431706589547
409.0	1.0359781452838193	1.035968612725896	1.035953500378376	1.0359782314899164	1.0000047565812515	0.0009201504845095318	0.002544042087473069
410.0	1.0361708061381458	1.0361611846600898	1.0361459579417782	1.0361708747076794	1.0000047679692448	0.0009285610054884747	0.0025627446420000946
411.0	1.0363641174072913	1.0363544063664765	1.0363390647004314	1.0363641680244462	1.000004779271716	0.0009370298191251334	0.0025815396548639832
412.0	1.0365580807116923	1.0365482794615324	1.0365328222694712	1.0365581130569437	1.0000047904877072	0.0009455572574567961	0.002600427412142017
413.0	1.0367526976801777	1.0367428055701007	1.0367272322724028	1.036752711430258	1.000004801616255	0.0009541436544321854	0.002619408200304629
414.0	1.0369479699500164	1.036937986325434	1.0369222963411429	1.036947964777878	1.0000048126563903	0.0009627893463987631	0.0026384823069605197
415.0	1.0371438991669653	1.037133823369236	1.0371180161160625	1.0371438747417367	1.0000048236071377	0.0009714946727607131	0.0026576500211726475
416.0	1.0373404869853171	1.037330318351718	1.0373143932460416	1.0373404429722668	1.0000048344675168	0.0009802599750735597	0.0026769116323179885
417.0	1.0375377350679496	1.0375274729316448	1.0375114293885168	1.0375376711284476	1.0000048452365407	0.0009890855973596281	0.0026962674305539237
418.0	1.0377356450863737	1.0377252887763817	1.0377091262095277	1.0377355608778513	1.0000048559132169	0.0009979718862947228	0.002715717707819131
419.0	1.037934218720784	1.0379237675619437	1.0379074853837653	1.037934113896693	1.000004866496548	0.0010069191912020074	0.0027352627564153895
420.0	1.0381334576601078	1.0381229109730472	1.0381065085946255	1.0381333318698813	1.0000048769855285	0.0010159278638747357	0.002754902869815867
421.0	1.0383333636020544	1.038322720703156	1.0383061975342527	1.0383332164910648	1.000004887379149	0.0010249982588909896	0.0027746383428521493
422.0	1.0385339382531673	1.0385231984545342	1.038506553903596	1.0385337694626853	1.0000048976763931	0.0010341307334790111	0.002794469470425467
423.0	1.0387351833288743	1.0387243459382978	1.038707579412457	1.0387349924960283	1.0000049078762383	0.0010433256474253957	0.0028143965493623484
424.0	1.0389371005535382	1.0389261648744614	1.0389092757795393	1.038936887311271	1.0000049179776558	0.0010525833634107914	0.0028344198772325903
425.0	1.039139691660509	1.039128656991993	1.0391116447325033	1.039139455637536	1.0000049279796115	0.0010619042467895842	0.0028545397524723003
426.0	1.0393429583921763	1.039331824028865	1.039314688008014	1.0393426992129426	1.0000049378810636	0.0010712886657329777	0.0028747564748913784
427.0	1.0395469025000212	1.0395356677321035	1.0395184073517956	1.0395466197846572	1.0000049476809658	0.0010807369913504972	0.002895070344919874
428.0	1.0397515257446692	1.0397401898578456	1.0397228045186833	1.0397512191089482	1.0000049573782643	0.0010902495974268954	0.0029154816643504025
429.0	1.0399568298959438	1.0399453921713888	1.0399278812726762	1.039956498951237	1.0000049669718987	0.001099826860714454	0.0029359907360332004
430.0	1.0401628167329198	1.040151276447247	1.0401336393869927	1.0401624610861537	1.0000049764608032	0.0011094691607125566	0.0029565978635928514
431.0	1.0403694880439778	1.0403578444691983	1.0403400806441176	1.0403691072975851	1.0000049858439048	0.0011191768802584965	0.0029773033522980745
432.0	1.040576845626858	1.0405650980303487	1.0405472068358665	1.040576439378738	1.000004995120124	0.0011289504046451656	0.0029981075077107505
433.0	1.0407848912887165	1.0407730389331769	1.04075501976343	1.0407844591321829	1.000005004288375	0.0011387901226171612	0.003019010637601348
434.0	1.0409936268461792	1.0409816689895939	1.0409635212374337	1.0409931683699165	1.0000050133475646	0.0011486964258938747	0.003040013049851136
435.0	1.041203054125398	1.0411909900210001	1.041172713077995	1.0412025689134154	1.0000050222965942	0.0011586697090556273	0.003061115053641721
436.0	1.0414131749621078	1.0414010038583383	1.0413825971147772	1.0414126625936915	1.0000050311343576	0.0011687103699202872	0.003082316959747422
437.0	1.041623991201682	1.0416117123421527	1.0415931751870462	1.0416234512513491	1.0000050398597415	0.0011788188091945875	0.0031036190796972
438.0	1.0418355046991907	1.0418231173226367	1.0418044491437206	1.0418349367366349	1.0000050484716267	0.001188995431447204	0.003125021726621631
439.0	1.0420477173194576	1.0420352206597034	1.0420164208434415	1.0420471209095064	1.0000050569688863	0.001199240643821891	0.00314652521409539
440.0	1.0422606309371174	1.0422480242230359	1.042229092154622	1.0422600056396827	1.0000050653503867	0.0012095548567547148	0.003168129857175859
441.0	1.0424742474366762	1.0424615298921398	1.0424424649555015	1.0424735928066984	1.0000050736149872	0.0012199384845838492	0.0031898359726735166
442.0	1.0426885687125682	1.042675739556419	1.0426565411342186	1.0426878842999767	1.0000050817615405	0.0012303919438799566	0.003211643877249318
443.0	1.0429035966692168	1.0428906551152117	1.0428713225888502	1.0429028820188673	1.000005089788891	0.0012409156557173944	0.0032335538905188333
444.0	1.043119333221093	1.0431062784778689	1.0430868112274891	1.043118587872725	1.0000050976958774	0.001251510043812958	0.003255566331658722
445.0	1.043335780292777	1.0433226115638048	1.0433030089682922	1.0433350037809588	1.0000051054813301	0.0012621755355186701	0.003277681522211776
446.0	1.0435529398190182	1.0435396563025594	1.0435199177395467	1.043552131673096	1.0000051131440721	0.0012729125616855585	0.0032998997842063446
447.0	1.0437708137447963	1.0437574146338575	1.043737539479726	1.0437699734888388	1.0000051206829204	0.0012837215567189939	0.0033222214415973956
448.0	1.043989404025384	1.0439758885076735	1.0439558761375562	1.043988531178132	1.0000051280966824	0.0012946029584637397	0.003344646818897631
449.0	1.0442087126264086	1.0441950798842912	1.0441749296720761	1.0442078067012202	1.0000051353841601	0.0013055572083017252	0.0033671762425752398
450.0	1.0444287415239142	1.044414990734361	1.0443947020526934	1.0444278020287068	1.0000051425441465	0.0013165847516960845	0.003389810039727976
451.0	1.044649492704426	1.0446356230389764	1.0446151952592608	1.0446485191416295	1.0000051495754279	0.0013276860369489816	0.0034125485386297684
452.0	1.0448709681650135	1.0448569787897215	1.044836411282126	1.0448699600315083	1.000005156476782	0.0013388615167023098	0.0034353920700842693
453.0	1.0450931699133545	1.0450790599887427	1.0450583521222	1.045092126700416	1.0000051632469797	0.00135011164726928	0.0034583409647814508
454.0	1.0453160999678002	1.0453018686488145	1.045281019791026	1.0453150211610458	1.0000051698847838	0.0013614368884341092	0.0034813955552892646
455.0	1.0455397603574403	1.0455254067933977	1.045504416310835	1.0455386454367679	1.0000051763889488	0.0013728377042075697	0.003504556175791036
456.0	1.045764153122169	1.0457496764567122	1.0457285437146209	1.0457630015617032	1.0000051827582221	0.0013843145620952052	0.0035278231611435623
457.0	1.0459892803127513	1.0459746796837968	1.0459534040461989	1.0459880915807827	1.000005188991342	0.0013958679337674716	0.0035511968481658075
458.0	1.0462151439908889	1.046200418530578	1.0461789993602746	1.046213917549816	1.0000051950870397	0.0014074982947314288	0.003574677574866748
459.0	1.0464417462292892	1.0464268950639366	1.0464053317225102	1.0464404815355581	1.0000052010440377	0.0014192061245756919	0.0035982656802896335
460.0	1.0466690891117316	1.0466541113617758	1.0466324032095933	1.0466677856157778	1.0000052068610505	0.0014309919067694856	0.0036219615053537176
461.0	1.0468971747331375	1.0468820695130865	1.0468602159093028	1.0468958318793224	1.0000052125367846	0.001442856129098173	0.003645765391997645
462.0	1.0471260051996376	1.047110771618018	1.0470887719205773	1.0471246224261894	1.0000052180699381	0.001454799283377162	0.0036696776838722623
463.0	1.0473555826286431	1.0473402197879493	1.047318073353589	1.047354159367596	1.0000052234592	0.0014668218653357053	0.0036936987257176956
464.0	1.0475859091489148	1.0475704161455495	1.0475481223298024	1.047584444826041	1.000005228703252	0.0014789243755605687	0.0037178288642040623
465.0	1.0478169869006335	1.0478013628248606	1.0477789209820576	1.0478154809353868	1.000005233800766	0.0014911073181921037	0.0037420684466302205
466.0	1.0480488180354728	1.0480330619713583	1.0480104714546319	1.0480472698409207	1.000005238750406	0.0015033712021219623	0.0037664178226121353
467.0	1.0482814047166693	1.0482655157420275	1.0482427759033137	1.0482798136994296	1.0000052435508278	0.0015157165404522388	0.0037908773427392847
468.0	1.0485147491190956	1.04849872630543	1.048475836495471	1.0485131146792683	1.0000052482006776	0.0015281438510140917	0.0038154473594145177
469.0	1.0487488534293337	1.0487326958417866	1.0487096554101343	1.0487471749604422	1.000005252698593	0.0015406536554670378	0.0038401282257020703
470.0	1.048983719845748	1.0489674265430387	1.0489442348380562	1.0489819967346663	1.000005257043203	0.0015532464804737893	0.003864920297628183
471.0	1.0492193505785594	1.049202920612926	1.0491795769817926	1.0492175822054461	1.0000052612331272	0.0015659228572438876	0.003889823931186633
472.0	1.0494557478499213	1.0494391802670657	1.0494156840557773	1.0494539335881552	1.000005265266976	0.0015786833212894326	0.003914839485168072
473.0	1.0496929138939934	1.0496762077330193	1.049652558286392	1.0496910531101014	1.0000052691433514	0.0015915284130271854	0.0039399673189920836
474.0	1.0499308509570187	1.0499140052503715	1.0498902019120449	1.0499289430106067	1.0000052728608464	0.0016044586776184171	0.00396520779437098
475.0	1.0501695612973994	1.050152575070807	1.0501286171832462	1.0501676055410838	1.0000052764180434	0.0016174746648934491	0.0039905612738200275
476.0	1.0504090471857757	1.050391919458188	1.050367806362687	1.0504070429651131	1.0000052798135166	0.0016305769293818943	0.004016028122172138
477.0	1.0506493109051016	1.0506320406886243	1.0506077717253077	1.0506472575585133	1.0000052830458301	0.0016437660309767841	0.004041608705490275
478.0	1.0508903547507251	1.0508729410505628	1.0508485155583895	1.0508882516094311	1.0000052861135391	0.0016570425338439567	0.004067303391270504
479.0	1.0511321810304666	1.0511146228448573	1.051090040161623	1.0511300274184099	1.0000052890151887	0.0016704070074241566	0.0040931125490249924
480.0	1.0513747920646987	1.0513570883848478	1.051332347847188	1.0513725872984698	1.000005291749315	0.0016838600263776751	0.0041190365497445714
481.0	1.0516181901864274	1.0516003399964449	1.0515754409398363	1.0516159335751925	1.000005294314443	0.0016974021702122447	0.004145075766354593
482.0	1.0518623777413725	1.051844380018207	1.0518193217769722	1.0518600685867965	1.0000052967090896	0.0017110340236924037	0.004171230572734233
483.0	1.0521073570880497	1.0520892108014204	1.0520639927087287	1.0521049946842203	1.0000052989317603	0.0017247561769316096	0.00419750134514368
484.0	1.0523531305978533	1.05233483471019	1.0523094560980617	1.0523507142312096	1.000005300980952	0.0017385692246612257	0.004223888460947788
485.0	1.0525997006551389	1.052581254121503	1.052555714320811	1.052597229604384	1.00000530285515	0.0017524737679896155	0.004250392300400951
486.0	1.052847069657308	1.0528284714253329	1.0528027697658062	1.0528445431933384	1.000005304552831	0.0017664704125733715	0.00427701324368303
487.0	1.0530952400148919	1.05307648902471	1.0530506248349354	1.0530926574007156	1.0000053060724596	0.0017805597698483174	0.0043037516742242
488.0	1.0533442141516374	1.0533253093358106	1.0532992819432363	1.053341574642294	1.0000053074124922	0.0017947424567198288	0.004330607976669431
489.0	1.053593994504593	1.0535749347880414	1.0535487435189794	1.0535912973470731	1.0000053085713725	0.0018090190956749682	0.004357582537227815
490.0	1.0538445835241943	1.0538253678241274	1.0537990120037564	1.05384182795736	1.0000053095475359	0.0018233903145993676	0.004384675744211014
491.0	1.0540959836743538	1.054076610900192	1.0540500898525589	1.0540931689288504	1.000005310339406	0.0018378567475632384	0.00441188798789661
492.0	1.0543481974325468	1.0543286664858542	1.0543019795338782	1.0543453227307262	1.0000053109453952	0.0018524190338792264	0.004439219659801754
493.0	1.0546012272899015	1.0545815370643081	1.0545546835297828	1.0545982918457337	1.000005311363907	0.001867077818972209	0.004466671153853172
494.0	1.0548550757512885	1.0548352251324145	1.0548082043360103	1.0548520787702764	1.0000053115933314	0.001881833754258378	0.00449424286553415
495.0	1.0551097453354106	1.0550897332007938	1.0550625444620607	1.0551066860145069	1.0000053116320495	0.0018966874967507933	0.0045219351921904054
496.0	1.0553652385748955	1.055345063793912	1.055317706431282	1.0553621161024134	1.000005311478431	0.0019116397097594293	0.004549748533167065
497.0	1.0556215580163855	1.055601219450172	1.055573692780963	1.055618371571911	1.0000053111308334	0.0019266910626225028	0.00457768328988227
498.0	1.0558787062206325	1.0558582027220078	1.055830506062424	1.0558754549749354	1.0000053105876041	0.0019418422309217208	0.004605739865269525
499.0	1.05613668576259	1.056116016175977	1.056088148841113	1.0561333688775363	1.0000053098470787	0.0019570938962345575	0.004633918664293294
500.0	1.0563954992315079	1.056374662392853	1.0563466236966954	1.0563921158599674	1.0000053089075813	0.0019724467465173263	0.004662220094190453
501.0	1.0566551492310274	1.0566341439677163	1.0566059332231477	1.0566516985167813	1.0000053077674242	0.001987901476319445	0.004690644563891527
502.0	1.0569156383792775	1.056894463510056	1.0568660800288563	1.056912119456928	1.0000053064249088	0.002003458786366979	0.00471919248438836
503.0	1.0571769693089712	1.0571556236438595	1.057127066736709	1.057173381303845	1.000005304878324	0.0020191193841128216	0.004747864268933045
504.0	1.0574391446675024	1.0574176270077167	1.0573888959841977	1.0574354866955629	1.0000053031259473	0.002034883983089015	0.00477666033206028
505.0	1.0577021671170463	1.057680476254904	1.0576515704235046	1.0576984382847863	1.0000053011660441	0.002050753304359196	0.0048055810914878995
506.0	1.0579660393346566	1.057944174053495	1.057915092721611	1.05796223873901	1.0000052989968673	0.0020667280752612958	0.004834626965941778
507.0	1.0582307640123663	1.05820872308646	1.058179465560397	1.058226890740612	1.0000052966166586	0.0020828090295368167	0.004863798376425898
508.0	1.058496343857289	1.0584741260517556	1.0584446916367323	1.0584923969869473	1.000005294023647	0.002098996908424729	0.004893095746881974
509.0	1.0587627815917198	1.0587403856624316	1.0587107736625816	1.0587587601904533	1.0000052912160489	0.002115292459991916	0.004922519502456528
510.0	1.0590300799532393	1.0590075046467333	1.0589777143651071	1.0590259830787532	1.0000052881920678	0.0021316964393450657	0.004952070070622703
511.0	1.059298241694816	1.0592754857482058	1.0592455164867747	1.0592940683947585	1.0000052849498957	0.0021482096084438278	0.004981747881168087
512.0	1.059567269584911	1.0595443317257893	1.059514182785446	1.0595630188967649	1.0000052814877116	0.002164832736919982	0.00501155336626628
